0.00061 
0.00069 
0.00065 
0.00069 
0.00114 
0.00117 
0.00038 
0.00038 
0.00035 
0.00036 
0.00035 
0.00033 
0.00035 
0.00034 
0.00034 
0.00034 
0.00033 
0.00036 
0.00034 
0.00035 
0.00037 
0.00036 
0.00036 
0.00035 
0.00036 
0.00037 
0.00033 
0.00033 
0.00034 
0.00034 
0.00035 
0.00034 
0.00034 
0.00035 
0.00035 
0.00036 
0.00037 
0.00035 
0.00035 
0.00036 
0.00035 
0.00036 
0.00035 
0.00036 
0.00039 
0.00040 
0.00037 
0.00037 
0.00039 
0.00039 
0.00042 
0.00039 
0.00044 
0.00042 
0.00041 
0.00041 
0.00042 
0.00041 
0.00042 
0.00041 
0.00042 
0.00043
