#    time      flux     flux_err 
    0.00000   0.99973   0.00097 
    0.01501   0.99943   0.00071 
    0.03002   1.00095   0.00072 
    0.04502   1.00053   0.00083 
    0.06003   1.00015   0.00069 
    0.07504   1.00062   0.00088 
    0.09005   0.99986   0.00064 
    0.10505   1.00168   0.00062 
    0.12006   1.00005   0.00073 
    0.13507   0.99984   0.00093 
    0.15008   0.99941   0.00066 
    0.16508   0.99996   0.00073 
    0.18009   1.00044   0.00065 
    0.19510   1.00104   0.00062 
    0.21011   0.99935   0.00069 
    0.22511   1.00080   0.00068 
    0.24012   0.99991   0.00073 
    0.25513   1.00040   0.00063 
    0.27014   1.00044   0.00085 
    0.28514   1.00022   0.00086 
    0.30015   0.99964   0.00088 
    0.31516   0.99893   0.00089 
    0.33017   0.99921   0.00099 
    0.34517   0.99903   0.00079 
    0.36018   0.99977   0.00088 
    0.37519   0.99950   0.00073 
    0.39020   0.99854   0.00070 
    0.40520   0.99933   0.00079 
    0.42021   1.00071   0.00096 
    0.43522   1.00140   0.00083 
    0.45023   1.00173   0.00076 
    0.46523   0.99855   0.00088 
    0.48024   1.00112   0.00089 
    0.49525   1.00167   0.00063 
    0.51026   1.00011   0.00073 
    0.52526   0.99950   0.00072 
    0.54027   0.99886   0.00066 
    0.55528   0.99986   0.00069 
    0.57029   1.00016   0.00094 
    0.58529   1.00088   0.00082 
    0.60030   1.00129   0.00094 
    0.61531   0.99849   0.00068 
    0.63032   0.99968   0.00067 
    0.64532   0.99969   0.00095 
    0.66033   1.00158   0.00090 
    0.67534   1.00097   0.00070 
    0.69035   0.99899   0.00060 
    0.70535   0.99969   0.00096 
    0.72036   0.99986   0.00067 
    0.73537   0.99924   0.00068 
    0.75038   1.00038   0.00074 
    0.76538   0.99971   0.00061 
    0.78039   0.99990   0.00076 
    0.79540   0.99944   0.00079 
    0.81041   1.00082   0.00074 
    0.82541   0.99932   0.00075 
    0.84042   0.99803   0.00097 
    0.85543   0.99885   0.00094 
    0.87044   0.99835   0.00085 
    0.88544   0.99944   0.00099 
    0.90045   0.99972   0.00084 
    0.91546   0.99896   0.00094 
    0.93047   0.99903   0.00061 
    0.94547   1.00061   0.00087 
    0.96048   1.00008   0.00072 
    0.97549   0.99985   0.00067 
    0.99050   1.00140   0.00082 
    1.00550   1.00074   0.00075 
    1.02051   1.00025   0.00071 
    1.03552   0.99883   0.00080 
    1.05053   1.00022   0.00064 
    1.06553   1.00025   0.00074 
    1.08054   1.00003   0.00064 
    1.09555   0.99793   0.00073 
    1.11056   0.99954   0.00089 
    1.12556   1.00017   0.00090 
    1.14057   0.99995   0.00090 
    1.15558   1.00035   0.00087 
    1.17059   0.99820   0.00092 
    1.18559   0.99989   0.00087 
    1.20060   1.00141   0.00087 
    1.21561   0.99970   0.00086 
    1.23062   1.00011   0.00071 
    1.24562   0.99941   0.00061 
    1.26063   1.00058   0.00095 
    1.27564   0.99882   0.00098 
    1.29065   1.00063   0.00066 
    1.30565   0.99840   0.00082 
    1.32066   1.00026   0.00093 
    1.33567   1.00058   0.00100 
    1.35068   1.00056   0.00061 
    1.36568   0.99868   0.00073 
    1.38069   0.99946   0.00070 
    1.39570   0.99969   0.00072 
    1.41071   1.00024   0.00077 
    1.42571   0.99858   0.00062 
    1.44072   1.00049   0.00068 
    1.45573   1.00059   0.00063 
    1.47074   1.00052   0.00063 
    1.48574   0.99856   0.00074 
    1.50075   0.99996   0.00089 
    1.51576   0.99950   0.00089 
    1.53077   1.00039   0.00067 
    1.54577   0.99890   0.00075 
    1.56078   0.99904   0.00081 
    1.57579   0.99999   0.00060 
    1.59080   1.00020   0.00099 
    1.60580   0.99923   0.00078 
    1.62081   0.99948   0.00068 
    1.63582   1.00004   0.00074 
    1.65083   1.00051   0.00064 
    1.66583   1.00072   0.00070 
    1.68084   0.99813   0.00072 
    1.69585   1.00024   0.00100 
    1.71086   0.99972   0.00081 
    1.72586   0.99805   0.00089 
    1.74087   1.00096   0.00089 
    1.75588   1.00011   0.00079 
    1.77089   1.00007   0.00076 
    1.78589   0.99937   0.00071 
    1.80090   0.99994   0.00092 
    1.81591   0.99938   0.00098 
    1.83092   0.99812   0.00092 
    1.84592   0.99940   0.00078 
    1.86093   1.00036   0.00099 
    1.87594   0.99883   0.00081 
    1.89095   1.00034   0.00076 
    1.90595   0.99973   0.00083 
    1.92096   0.99881   0.00078 
    1.93597   0.99952   0.00079 
    1.95098   0.99866   0.00094 
    1.96598   1.00050   0.00081 
    1.98099   1.00039   0.00074 
    1.99600   0.99974   0.00080 
    2.01101   1.00052   0.00061 
    2.02601   0.99971   0.00097 
    2.04102   0.99952   0.00097 
    2.05603   1.00261   0.00097 
    2.07104   0.99916   0.00081 
    2.08604   0.99968   0.00068 
    2.10105   1.00008   0.00076 
    2.11606   0.99989   0.00097 
    2.13107   1.00010   0.00068 
    2.14607   1.00036   0.00083 
    2.16108   0.99878   0.00064 
    2.17609   1.00130   0.00064 
    2.19110   1.00038   0.00090 
    2.20610   1.00024   0.00061 
    2.22111   1.00048   0.00066 
    2.23612   1.00134   0.00085 
    2.25113   0.99927   0.00079 
    2.26613   0.99946   0.00092 
    2.28114   0.99864   0.00088 
    2.29615   0.99940   0.00080 
    2.31116   0.99929   0.00082 
    2.32616   1.00147   0.00095 
    2.34117   0.99849   0.00099 
    2.35618   0.99981   0.00066 
    2.37119   0.99914   0.00064 
    2.38619   1.00011   0.00068 
    2.40120   1.00036   0.00082 
    2.41621   0.99968   0.00060 
    2.43122   1.00021   0.00069 
    2.44622   0.99953   0.00096 
    2.46123   1.00041   0.00073 
    2.47624   0.99997   0.00083 
    2.49125   0.99837   0.00075 
    2.50625   0.99973   0.00069 
    2.52126   0.99975   0.00068 
    2.53627   1.00022   0.00085 
    2.55128   1.00002   0.00068 
    2.56628   0.99961   0.00085 
    2.58129   1.00128   0.00062 
    2.59630   1.00010   0.00070 
    2.61131   0.99981   0.00072 
    2.62631   1.00002   0.00087 
    2.64132   1.00088   0.00073 
    2.65633   1.00165   0.00066 
    2.67134   1.00058   0.00068 
    2.68634   0.99994   0.00070 
    2.70135   1.00051   0.00063 
    2.71636   1.00185   0.00099 
    2.73137   0.99834   0.00091 
    2.74637   0.99964   0.00087 
    2.76138   0.99865   0.00080 
    2.77639   1.00004   0.00082 
    2.79140   1.00086   0.00095 
    2.80640   1.00016   0.00097 
    2.82141   0.99994   0.00069 
    2.83642   0.99990   0.00071 
    2.85143   1.00085   0.00075 
    2.86643   1.00018   0.00067 
    2.88144   1.00084   0.00083 
    2.89645   0.99972   0.00100 
    2.91146   0.99887   0.00069 
    2.92646   1.00047   0.00097 
    2.94147   1.00025   0.00076 
    2.95648   0.99971   0.00067 
    2.97149   0.99760   0.00075 
    2.98649   1.00054   0.00077 
    3.00150   0.99949   0.00065 
    3.01651   0.99996   0.00074 
    3.03152   0.99975   0.00061 
    3.04652   1.00053   0.00098 
    3.06153   0.99974   0.00085 
    3.07654   1.00030   0.00071 
    3.09155   0.99912   0.00075 
    3.10655   0.99948   0.00092 
    3.12156   0.99846   0.00087 
    3.13657   1.00087   0.00093 
    3.15158   1.00045   0.00099 
    3.16658   0.99904   0.00080 
    3.18159   1.00082   0.00074 
    3.19660   1.00109   0.00066 
    3.21161   1.00040   0.00069 
    3.22661   1.00035   0.00063 
    3.24162   0.99930   0.00092 
    3.25663   1.00044   0.00086 
    3.27164   0.99996   0.00073 
    3.28664   1.00044   0.00070 
    3.30165   0.99918   0.00088 
    3.31666   0.99845   0.00069 
    3.33167   0.99977   0.00093 
    3.34667   0.99950   0.00069 
    3.36168   0.99951   0.00081 
    3.37669   1.00080   0.00095 
    3.39170   0.99972   0.00064 
    3.40670   0.99959   0.00072 
    3.42171   0.99919   0.00085 
    3.43672   0.99951   0.00068 
    3.45173   0.99883   0.00065 
    3.46673   0.99961   0.00080 
    3.48174   1.00092   0.00071 
    3.49675   1.00016   0.00099 
    3.51176   0.99868   0.00092 
    3.52676   0.99995   0.00077 
    3.54177   0.99887   0.00060 
    3.55678   0.99992   0.00091 
    3.57179   1.00178   0.00086 
    3.58679   1.00200   0.00082 
    3.60180   1.00116   0.00069 
    3.61681   1.00054   0.00089 
    3.63182   0.99747   0.00088 
    3.64682   0.99449   0.00066 
    3.66183   0.99375   0.00081 
    3.67684   0.99258   0.00074 
    3.69185   0.99246   0.00082 
    3.70685   0.99344   0.00085 
    3.72186   0.99336   0.00091 
    3.73687   0.99375   0.00098 
    3.75188   0.99375   0.00084 
    3.76688   0.99338   0.00074 
    3.78189   0.99318   0.00086 
    3.79690   0.99614   0.00083 
    3.81191   0.99999   0.00095 
    3.82691   0.99986   0.00082 
    3.84192   0.99927   0.00073 
    3.85693   1.00034   0.00088 
    3.87194   0.99982   0.00081 
    3.88694   0.99855   0.00087 
    3.90195   1.00039   0.00067 
    3.91696   1.00132   0.00068 
    3.93197   0.99945   0.00083 
    3.94697   1.00026   0.00081 
    3.96198   0.99999   0.00077 
    3.97699   0.99923   0.00085 
    3.99200   1.00009   0.00099 
    4.00700   1.00161   0.00094 
    4.02201   0.99965   0.00074 
    4.03702   1.00099   0.00061 
    4.05203   0.99826   0.00099 
    4.06703   0.99990   0.00085 
    4.08204   1.00078   0.00090 
    4.09705   1.00070   0.00064 
    4.11206   0.99928   0.00072 
    4.12706   1.00033   0.00097 
    4.14207   0.99969   0.00094 
    4.15708   1.00155   0.00081 
    4.17209   1.00012   0.00089 
    4.18709   0.99957   0.00065 
    4.20210   1.00106   0.00092 
    4.21711   0.99927   0.00071 
    4.23212   1.00032   0.00089 
    4.24712   1.00215   0.00079 
    4.26213   1.00013   0.00080 
    4.27714   0.99973   0.00076 
    4.29215   1.00111   0.00084 
    4.30715   1.00037   0.00075 
    4.32216   0.99953   0.00077 
    4.33717   1.00071   0.00079 
    4.35218   0.99963   0.00081 
    4.36718   0.99891   0.00081 
    4.38219   1.00159   0.00082 
    4.39720   0.99865   0.00066 
    4.41221   0.99967   0.00080 
    4.42721   1.00134   0.00080 
    4.44222   1.00085   0.00089 
    4.45723   1.00077   0.00088 
    4.47224   0.99797   0.00089 
    4.48724   1.00068   0.00098 
    4.50225   0.99964   0.00062 
    4.51726   0.99987   0.00066 
    4.53227   1.00063   0.00068 
    4.54727   0.99991   0.00090 
    4.56228   0.99978   0.00077 
    4.57729   1.00061   0.00066 
    4.59230   0.99946   0.00092 
    4.60730   1.00061   0.00090 
    4.62231   0.99997   0.00092 
    4.63732   1.00090   0.00072 
    4.65233   0.99937   0.00063 
    4.66733   1.00047   0.00087 
    4.68234   0.99993   0.00070 
    4.69735   1.00088   0.00099 
    4.71236   1.00003   0.00091 
    4.72736   0.99954   0.00093 
    4.74237   1.00092   0.00097 
    4.75738   1.00170   0.00091 
    4.77239   1.00035   0.00081 
    4.78739   1.00109   0.00073 
    4.80240   1.00063   0.00066 
    4.81741   0.99933   0.00095 
    4.83242   0.99949   0.00093 
    4.84742   1.00056   0.00064 
    4.86243   0.99852   0.00080 
    4.87744   0.99955   0.00076 
    4.89245   1.00011   0.00074 
    4.90745   0.99975   0.00086 
    4.92246   0.99947   0.00099 
    4.93747   1.00067   0.00077 
    4.95248   0.99972   0.00087 
    4.96748   1.00050   0.00090 
    4.98249   1.00124   0.00077 
    4.99750   0.99928   0.00071 
    5.01251   1.00087   0.00079 
    5.02751   0.99987   0.00072 
    5.04252   0.99980   0.00090 
    5.05753   0.99990   0.00095 
    5.07254   0.99956   0.00074 
    5.08754   0.99980   0.00083 
    5.10255   1.00070   0.00066 
    5.11756   0.99990   0.00089 
    5.13257   1.00052   0.00069 
    5.14757   0.99883   0.00093 
    5.16258   1.00107   0.00063 
    5.17759   1.00019   0.00094 
    5.19260   0.99972   0.00074 
    5.20760   1.00050   0.00100 
    5.22261   1.00027   0.00080 
    5.23762   0.99986   0.00099 
    5.25263   1.00048   0.00084 
    5.26763   1.00176   0.00085 
    5.28264   1.00128   0.00078 
    5.29765   0.99982   0.00076 
    5.31266   0.99928   0.00067 
    5.32766   1.00064   0.00076 
    5.34267   0.99890   0.00097 
    5.35768   1.00106   0.00068 
    5.37269   1.00094   0.00075 
    5.38769   0.99942   0.00068 
    5.40270   1.00005   0.00069 
    5.41771   1.00074   0.00074 
    5.43272   1.00008   0.00067 
    5.44772   1.00045   0.00093 
    5.46273   1.00025   0.00091 
    5.47774   0.99868   0.00080 
    5.49275   0.99998   0.00090 
    5.50775   0.99858   0.00070 
    5.52276   1.00058   0.00065 
    5.53777   1.00024   0.00100 
    5.55278   0.99942   0.00080 
    5.56778   0.99934   0.00076 
    5.58279   0.99929   0.00095 
    5.59780   1.00028   0.00085 
    5.61281   0.99945   0.00064 
    5.62781   0.99775   0.00080 
    5.64282   0.99945   0.00085 
    5.65783   0.99908   0.00074 
    5.67284   1.00030   0.00070 
    5.68784   0.99964   0.00081 
    5.70285   1.00002   0.00071 
    5.71786   0.99917   0.00094 
    5.73287   1.00035   0.00090 
    5.74787   1.00140   0.00065 
    5.76288   1.00039   0.00088 
    5.77789   1.00074   0.00090 
    5.79290   0.99960   0.00061 
    5.80790   0.99926   0.00071 
    5.82291   1.00033   0.00096 
    5.83792   0.99962   0.00066 
    5.85293   0.99918   0.00088 
    5.86793   0.99951   0.00087 
    5.88294   1.00062   0.00075 
    5.89795   1.00039   0.00071 
    5.91296   1.00060   0.00071 
    5.92796   0.99957   0.00065 
    5.94297   1.00140   0.00098 
    5.95798   1.00227   0.00086 
    5.97299   1.00177   0.00061 
    5.98799   0.99942   0.00061 
    6.00300   1.00000   0.00088 
    6.01801   0.99952   0.00080 
    6.03302   1.00017   0.00093 
    6.04802   1.00132   0.00077 
    6.06303   1.00009   0.00097 
    6.07804   1.00153   0.00092 
    6.09305   1.00158   0.00062 
    6.10805   0.99979   0.00100 
    6.12306   1.00159   0.00066 
    6.13807   0.99998   0.00081 
    6.15308   1.00006   0.00099 
    6.16808   1.00097   0.00086 
    6.18309   1.00020   0.00078 
    6.19810   0.99908   0.00085 
    6.21311   0.99966   0.00092 
    6.22811   1.00091   0.00097 
    6.24312   1.00097   0.00071 
    6.25813   1.00188   0.00069 
    6.27314   1.00034   0.00092 
    6.28814   1.00007   0.00078 
    6.30315   1.00030   0.00090 
    6.31816   1.00175   0.00081 
    6.33317   1.00023   0.00071 
    6.34817   1.00130   0.00071 
    6.36318   1.00121   0.00075 
    6.37819   0.99951   0.00095 
    6.39320   0.99908   0.00060 
    6.40820   0.99994   0.00070 
    6.42321   1.00028   0.00070 
    6.43822   1.00088   0.00073 
    6.45323   0.99955   0.00090 
    6.46823   0.99867   0.00071 
    6.48324   0.99923   0.00089 
    6.49825   1.00051   0.00068 
    6.51326   1.00189   0.00086 
    6.52826   1.00141   0.00069 
    6.54327   1.00017   0.00066 
    6.55828   1.00110   0.00099 
    6.57329   1.00005   0.00082 
    6.58829   0.99950   0.00064 
    6.60330   0.99972   0.00086 
    6.61831   1.00034   0.00090 
    6.63332   1.00047   0.00072 
    6.64832   0.99957   0.00061 
    6.66333   1.00000   0.00085 
    6.67834   1.00036   0.00094 
    6.69335   1.00064   0.00095 
    6.70835   1.00025   0.00065 
    6.72336   1.00108   0.00075 
    6.73837   0.99858   0.00072 
    6.75338   0.99925   0.00098 
    6.76838   1.00100   0.00099 
    6.78339   1.00075   0.00072 
    6.79840   0.99998   0.00061 
    6.81341   0.99964   0.00082 
    6.82841   0.99968   0.00077 
    6.84342   1.00131   0.00078 
    6.85843   0.99981   0.00087 
    6.87344   0.99880   0.00065 
    6.88844   1.00067   0.00069 
    6.90345   0.99920   0.00085 
    6.91846   1.00065   0.00087 
    6.93347   0.99829   0.00079 
    6.94847   0.99837   0.00094 
    6.96348   1.00057   0.00085 
    6.97849   0.99954   0.00060 
    6.99350   0.99991   0.00071 
    7.00850   0.99800   0.00091 
    7.02351   0.99929   0.00071 
    7.03852   1.00009   0.00071 
    7.05353   1.00076   0.00068 
    7.06853   0.99773   0.00070 
    7.08354   1.00011   0.00072 
    7.09855   1.00034   0.00084 
    7.11356   0.99983   0.00074 
    7.12856   1.00112   0.00068 
    7.14357   0.99993   0.00062 
    7.15858   1.00010   0.00072 
    7.17359   0.99944   0.00071 
    7.18859   1.00026   0.00089 
    7.20360   1.00146   0.00062 
    7.21861   1.00010   0.00073 
    7.23362   1.00141   0.00076 
    7.24862   1.00038   0.00082 
    7.26363   0.99949   0.00086 
    7.27864   0.99950   0.00078 
    7.29365   1.00198   0.00087 
    7.30865   1.00020   0.00065 
    7.32366   1.00072   0.00077 
    7.33867   1.00060   0.00085 
    7.35368   1.00165   0.00065 
    7.36868   0.99954   0.00086 
    7.38369   1.00033   0.00070 
    7.39870   0.99985   0.00070 
    7.41371   0.99885   0.00094 
    7.42871   1.00072   0.00074 
    7.44372   1.00044   0.00091 
    7.45873   0.99914   0.00096 
    7.47374   0.99924   0.00092 
    7.48874   0.99919   0.00078 
    7.50375   0.99976   0.00065 
    7.51876   0.99945   0.00093 
    7.53377   0.99904   0.00092 
    7.54877   0.99972   0.00071 
    7.56378   1.00073   0.00075 
    7.57879   0.99972   0.00086 
    7.59380   0.99990   0.00076 
    7.60880   1.00091   0.00070 
    7.62381   0.99904   0.00081 
    7.63882   1.00015   0.00100 
    7.65383   0.99872   0.00085 
    7.66883   1.00038   0.00063 
    7.68384   0.99909   0.00081 
    7.69885   0.99924   0.00065 
    7.71386   0.99957   0.00090 
    7.72886   1.00013   0.00093 
    7.74387   0.99964   0.00066 
    7.75888   0.99920   0.00084 
    7.77389   0.99980   0.00091 
    7.78889   1.00037   0.00087 
    7.80390   0.99878   0.00070 
    7.81891   1.00162   0.00091 
    7.83392   1.00056   0.00092 
    7.84892   0.99937   0.00092 
    7.86393   1.00140   0.00091 
    7.87894   1.00040   0.00081 
    7.89395   0.99965   0.00063 
    7.90895   0.99965   0.00084 
    7.92396   1.00023   0.00099 
    7.93897   1.00070   0.00078 
    7.95398   0.99869   0.00095 
    7.96898   0.99900   0.00074 
    7.98399   1.00027   0.00088 
    7.99900   0.99832   0.00090 
    8.01401   0.99795   0.00090 
    8.02901   1.00047   0.00078 
    8.04402   1.00010   0.00062 
    8.05903   1.00084   0.00075 
    8.07404   0.99953   0.00092 
    8.08904   0.99901   0.00088 
    8.10405   1.00021   0.00075 
    8.11906   0.99967   0.00099 
    8.13407   0.99913   0.00098 
    8.14907   0.99923   0.00078 
    8.16408   1.00127   0.00078 
    8.17909   0.99976   0.00071 
    8.19410   1.00002   0.00091 
    8.20910   1.00028   0.00070 
    8.22411   1.00104   0.00072 
    8.23912   1.00031   0.00082 
    8.25413   1.00109   0.00083 
    8.26913   0.99934   0.00097 
    8.28414   1.00220   0.00064 
    8.29915   1.00012   0.00092 
    8.31416   1.00069   0.00094 
    8.32916   1.00018   0.00097 
    8.34417   1.00083   0.00086 
    8.35918   1.00094   0.00065 
    8.37419   0.99915   0.00072 
    8.38919   1.00000   0.00082 
    8.40420   1.00002   0.00090 
    8.41921   0.99490   0.00086 
    8.43422   0.99235   0.00089 
    8.44922   0.99146   0.00096 
    8.46423   0.99219   0.00082 
    8.47924   0.99331   0.00094 
    8.49425   0.99250   0.00070 
    8.50925   0.99116   0.00084 
    8.52426   0.99378   0.00100 
    8.53927   0.99436   0.00087 
    8.55428   0.99508   0.00097 
    8.56928   0.99318   0.00090 
    8.58429   0.99686   0.00078 
    8.59930   0.99863   0.00074 
    8.61431   0.99873   0.00069 
    8.62931   1.00012   0.00066 
    8.64432   1.00064   0.00079 
    8.65933   1.00142   0.00075 
    8.67434   0.99956   0.00092 
    8.68934   1.00076   0.00077 
    8.70435   0.99978   0.00085 
    8.71936   1.00015   0.00092 
    8.73437   0.99915   0.00100 
    8.74937   0.99946   0.00077 
    8.76438   0.99934   0.00065 
    8.77939   0.99862   0.00083 
    8.79440   1.00105   0.00099 
    8.80940   1.00139   0.00069 
    8.82441   1.00046   0.00093 
    8.83942   1.00017   0.00067 
    8.85443   1.00068   0.00083 
    8.86943   1.00068   0.00089 
    8.88444   0.99998   0.00082 
    8.89945   0.99964   0.00075 
    8.91446   0.99929   0.00072 
    8.92946   0.99988   0.00079 
    8.94447   1.00038   0.00088 
    8.95948   0.99854   0.00092 
    8.97449   1.00047   0.00069 
    8.98949   0.99807   0.00082 
    9.00450   0.99845   0.00067 
    9.01951   0.99958   0.00086 
    9.03452   0.99978   0.00079 
    9.04952   1.00004   0.00098 
    9.06453   1.00111   0.00067 
    9.07954   0.99968   0.00092 
    9.09455   0.99999   0.00091 
    9.10955   0.99866   0.00087 
    9.12456   0.99915   0.00082 
    9.13957   0.99966   0.00073 
    9.15458   1.00088   0.00098 
    9.16958   0.99986   0.00077 
    9.18459   1.00090   0.00099 
    9.19960   1.00004   0.00067 
    9.21461   1.00056   0.00062 
    9.22961   0.99954   0.00096 
    9.24462   0.99877   0.00061 
    9.25963   1.00025   0.00086 
    9.27464   1.00022   0.00091 
    9.28964   1.00111   0.00086 
    9.30465   0.99989   0.00073 
    9.31966   0.99919   0.00084 
    9.33467   1.00126   0.00098 
    9.34967   1.00185   0.00068 
    9.36468   0.99970   0.00072 
    9.37969   0.99922   0.00080 
    9.39470   1.00000   0.00068 
    9.40970   0.99953   0.00061 
    9.42471   1.00016   0.00062 
    9.43972   0.99949   0.00086 
    9.45473   1.00093   0.00082 
    9.46973   1.00071   0.00079 
    9.48474   1.00055   0.00066 
    9.49975   1.00060   0.00088 
    9.51476   0.99948   0.00080 
    9.52976   0.99855   0.00074 
    9.54477   1.00107   0.00085 
    9.55978   0.99937   0.00060 
    9.57479   0.99907   0.00090 
    9.58979   0.99934   0.00093 
    9.60480   1.00032   0.00096 
    9.61981   0.99918   0.00068 
    9.63482   0.99917   0.00100 
    9.64982   1.00101   0.00073 
    9.66483   1.00041   0.00100 
    9.67984   1.00079   0.00096 
    9.69485   0.99935   0.00070 
    9.70985   1.00205   0.00070 
    9.72486   0.99978   0.00094 
    9.73987   0.99919   0.00092 
    9.75488   0.99992   0.00076 
    9.76988   0.99923   0.00099 
    9.78489   1.00015   0.00067 
    9.79990   1.00027   0.00067 
    9.81491   0.99867   0.00091 
    9.82991   0.99911   0.00091 
    9.84492   1.00085   0.00072 
    9.85993   1.00078   0.00090 
    9.87494   1.00034   0.00068 
    9.88994   0.99981   0.00077 
    9.90495   0.99998   0.00088 
    9.91996   1.00105   0.00060 
    9.93497   1.00082   0.00094 
    9.94997   0.99990   0.00065 
    9.96498   0.99997   0.00097 
    9.97999   1.00032   0.00077 
    9.99500   1.00078   0.00061 
   10.01001   0.99938   0.00073 
   10.02501   0.99995   0.00061 
   10.04002   0.99960   0.00082 
   10.05503   0.99898   0.00084 
   10.07004   0.99950   0.00096 
   10.08504   0.99968   0.00075 
   10.10005   1.00012   0.00069 
   10.11506   1.00042   0.00098 
   10.13007   1.00014   0.00067 
   10.14507   0.99907   0.00065 
   10.16008   0.99859   0.00095 
   10.17509   1.00029   0.00092 
   10.19010   0.99905   0.00100 
   10.20510   1.00104   0.00076 
   10.22011   1.00078   0.00066 
   10.23512   0.99888   0.00071 
   10.25013   0.99911   0.00065 
   10.26513   1.00143   0.00093 
   10.28014   0.99905   0.00095 
   10.29515   1.00173   0.00068 
   10.31016   0.99922   0.00063 
   10.32516   1.00068   0.00074 
   10.34017   1.00005   0.00069 
   10.35518   1.00033   0.00081 
   10.37019   1.00023   0.00070 
   10.38519   1.00162   0.00071 
   10.40020   0.99959   0.00082 
   10.41521   1.00002   0.00064 
   10.43022   1.00037   0.00098 
   10.44522   1.00123   0.00061 
   10.46023   0.99946   0.00096 
   10.47524   1.00047   0.00063 
   10.49025   1.00107   0.00093 
   10.50525   0.99894   0.00072 
   10.52026   0.99981   0.00063 
   10.53527   0.99957   0.00087 
   10.55028   1.00046   0.00100 
   10.56528   0.99899   0.00069 
   10.58029   1.00053   0.00072 
   10.59530   0.99934   0.00062 
   10.61031   1.00041   0.00093 
   10.62531   1.00034   0.00060 
   10.64032   0.99938   0.00072 
   10.65533   0.99922   0.00099 
   10.67034   1.00106   0.00083 
   10.68534   0.99864   0.00072 
   10.70035   0.99919   0.00077 
   10.71536   0.99997   0.00082 
   10.73037   1.00052   0.00063 
   10.74537   0.99886   0.00068 
   10.76038   0.99957   0.00083 
   10.77539   1.00075   0.00081 
   10.79040   1.00040   0.00089 
   10.80540   1.00000   0.00076 
   10.82041   0.99997   0.00096 
   10.83542   1.00122   0.00097 
   10.85043   1.00015   0.00095 
   10.86543   0.99913   0.00086 
   10.88044   0.99885   0.00091 
   10.89545   1.00126   0.00064 
   10.91046   1.00064   0.00080 
   10.92546   1.00092   0.00070 
   10.94047   1.00098   0.00095 
   10.95548   0.99980   0.00092 
   10.97049   0.99989   0.00095 
   10.98549   0.99972   0.00096 
   11.00050   0.99954   0.00084 
   11.01551   1.00056   0.00072 
   11.03052   0.99879   0.00072 
   11.04552   0.99963   0.00065 
   11.06053   0.99885   0.00078 
   11.07554   1.00136   0.00060 
   11.09055   1.00051   0.00061 
   11.10555   0.99986   0.00089 
   11.12056   0.99959   0.00068 
   11.13557   1.00013   0.00062 
   11.15058   1.00131   0.00082 
   11.16558   1.00212   0.00066 
   11.18059   0.99949   0.00099 
   11.19560   0.99809   0.00087 
   11.21061   1.00148   0.00090 
   11.22561   0.99933   0.00093 
   11.24062   0.99922   0.00088 
   11.25563   1.00002   0.00080 
   11.27064   1.00004   0.00095 
   11.28564   0.99959   0.00078 
   11.30065   1.00086   0.00083 
   11.31566   1.00032   0.00082 
   11.33067   1.00030   0.00087 
   11.34567   0.99949   0.00063 
   11.36068   1.00168   0.00072 
   11.37569   0.99881   0.00095 
   11.39070   1.00079   0.00089 
   11.40570   1.00047   0.00093 
   11.42071   0.99889   0.00074 
   11.43572   1.00050   0.00066 
   11.45073   0.99959   0.00068 
   11.46573   1.00036   0.00097 
   11.48074   1.00004   0.00093 
   11.49575   1.00053   0.00083 
   11.51076   0.99986   0.00091 
   11.52576   1.00089   0.00091 
   11.54077   0.99992   0.00075 
   11.55578   1.00235   0.00090 
   11.57079   1.00099   0.00074 
   11.58579   1.00036   0.00071 
   11.60080   1.00073   0.00075 
   11.61581   0.99970   0.00098 
   11.63082   0.99944   0.00060 
   11.64582   0.99858   0.00096 
   11.66083   1.00167   0.00074 
   11.67584   0.99977   0.00081 
   11.69085   1.00008   0.00062 
   11.70585   1.00005   0.00075 
   11.72086   1.00126   0.00097 
   11.73587   1.00118   0.00082 
   11.75088   0.99968   0.00078 
   11.76588   1.00054   0.00072 
   11.78089   0.99945   0.00062 
   11.79590   0.99947   0.00097 
   11.81091   1.00091   0.00095 
   11.82591   1.00018   0.00072 
   11.84092   1.00117   0.00080 
   11.85593   1.00003   0.00062 
   11.87094   0.99850   0.00061 
   11.88594   1.00161   0.00078 
   11.90095   1.00086   0.00063 
   11.91596   1.00030   0.00084 
   11.93097   0.99969   0.00076 
   11.94597   1.00023   0.00063 
   11.96098   1.00038   0.00086 
   11.97599   0.99843   0.00070 
   11.99100   0.99947   0.00070 
   12.00600   1.00008   0.00079 
   12.02101   1.00014   0.00098 
   12.03602   1.00008   0.00083 
   12.05103   1.00008   0.00090 
   12.06603   1.00108   0.00064 
   12.08104   1.00025   0.00092 
   12.09605   1.00006   0.00075 
   12.11106   1.00057   0.00079 
   12.12606   1.00015   0.00099 
   12.14107   0.99952   0.00083 
   12.15608   0.99947   0.00076 
   12.17109   0.99948   0.00079 
   12.18609   0.99904   0.00065 
   12.20110   0.99955   0.00096 
   12.21611   1.00023   0.00077 
   12.23112   0.99953   0.00087 
   12.24612   1.00057   0.00097 
   12.26113   1.00151   0.00071 
   12.27614   1.00111   0.00088 
   12.29115   1.00008   0.00065 
   12.30615   1.00065   0.00095 
   12.32116   0.99971   0.00068 
   12.33617   0.99970   0.00089 
   12.35118   1.00006   0.00073 
   12.36618   0.99840   0.00074 
   12.38119   0.99984   0.00098 
   12.39620   1.00039   0.00068 
   12.41121   1.00119   0.00065 
   12.42621   0.99957   0.00078 
   12.44122   1.00163   0.00099 
   12.45623   0.99956   0.00095 
   12.47124   0.99995   0.00082 
   12.48624   1.00019   0.00076 
   12.50125   0.99978   0.00078 
   12.51626   1.00133   0.00070 
   12.53127   1.00102   0.00066 
   12.54627   0.99883   0.00074 
   12.56128   0.99963   0.00090 
   12.57629   0.99968   0.00094 
   12.59130   1.00048   0.00096 
   12.60630   0.99952   0.00078 
   12.62131   1.00097   0.00073 
   12.63632   1.00035   0.00096 
   12.65133   1.00055   0.00091 
   12.66633   1.00036   0.00067 
   12.68134   1.00064   0.00077 
   12.69635   0.99883   0.00067 
   12.71136   0.99973   0.00085 
   12.72636   0.99918   0.00087 
   12.74137   0.99916   0.00071 
   12.75638   1.00022   0.00087 
   12.77139   0.99826   0.00084 
   12.78639   1.00053   0.00090 
   12.80140   1.00108   0.00091 
   12.81641   0.99942   0.00078 
   12.83142   1.00048   0.00084 
   12.84642   0.99912   0.00088 
   12.86143   0.99967   0.00063 
   12.87644   0.99935   0.00099 
   12.89145   1.00020   0.00084 
   12.90645   0.99914   0.00069 
   12.92146   0.99918   0.00096 
   12.93647   1.00050   0.00097 
   12.95148   1.00013   0.00075 
   12.96648   0.99929   0.00095 
   12.98149   0.99966   0.00076 
   12.99650   0.99969   0.00090 
   13.01151   0.99914   0.00072 
   13.02651   0.99826   0.00089 
   13.04152   1.00084   0.00066 
   13.05653   0.99940   0.00079 
   13.07154   1.00003   0.00087 
   13.08654   0.99954   0.00074 
   13.10155   0.99899   0.00063 
   13.11656   1.00005   0.00083 
   13.13157   0.99879   0.00097 
   13.14657   0.99949   0.00087 
   13.16158   1.00146   0.00097 
   13.17659   0.99962   0.00086 
   13.19160   1.00001   0.00095 
   13.20660   0.99406   0.00060 
   13.22161   0.99303   0.00094 
   13.23662   0.99267   0.00063 
   13.25163   0.99369   0.00087 
   13.26663   0.99329   0.00089 
   13.28164   0.99283   0.00070 
   13.29665   0.99238   0.00062 
   13.31166   0.99502   0.00061 
   13.32666   0.99314   0.00076 
   13.34167   0.99478   0.00088 
   13.35668   0.99454   0.00068 
   13.37169   0.99916   0.00084 
   13.38669   0.99868   0.00099 
   13.40170   0.99942   0.00062 
   13.41671   1.00119   0.00081 
   13.43172   1.00030   0.00097 
   13.44672   1.00075   0.00076 
   13.46173   1.00060   0.00088 
   13.47674   1.00008   0.00063 
   13.49175   1.00069   0.00092 
   13.50675   1.00176   0.00065 
   13.52176   0.99982   0.00075 
   13.53677   0.99988   0.00069 
   13.55178   1.00086   0.00066 
   13.56678   1.00087   0.00066 
   13.58179   1.00091   0.00073 
   13.59680   0.99995   0.00079 
   13.61181   1.00049   0.00086 
   13.62681   0.99982   0.00082 
   13.64182   0.99993   0.00074 
   13.65683   1.00101   0.00071 
   13.67184   0.99792   0.00085 
   13.68684   0.99867   0.00076 
   13.70185   1.00021   0.00083 
   13.71686   0.99911   0.00087 
   13.73187   1.00003   0.00076 
   13.74687   0.99979   0.00092 
   13.76188   0.99968   0.00097 
   13.77689   1.00051   0.00086 
   13.79190   1.00026   0.00064 
   13.80690   1.00027   0.00066 
   13.82191   1.00032   0.00100 
   13.83692   0.99929   0.00089 
   13.85193   1.00067   0.00096 
   13.86693   1.00022   0.00092 
   13.88194   0.99908   0.00074 
   13.89695   1.00102   0.00065 
   13.91196   1.00011   0.00089 
   13.92696   1.00174   0.00099 
   13.94197   0.99993   0.00077 
   13.95698   1.00046   0.00089 
   13.97199   0.99930   0.00079 
   13.98699   0.99955   0.00069 
   14.00200   1.00089   0.00080 
   14.01701   1.00086   0.00071 
   14.03202   0.99931   0.00080 
   14.04702   0.99982   0.00079 
   14.06203   0.99908   0.00077 
   14.07704   0.99930   0.00075 
   14.09205   1.00046   0.00082 
   14.10705   0.99886   0.00095 
   14.12206   0.99931   0.00100 
   14.13707   0.99978   0.00061 
   14.15208   1.00150   0.00066 
   14.16708   0.99988   0.00091 
   14.18209   1.00065   0.00074 
   14.19710   0.99972   0.00063 
   14.21211   1.00058   0.00087 
   14.22711   0.99938   0.00088 
   14.24212   1.00066   0.00073 
   14.25713   1.00141   0.00097 
   14.27214   1.00210   0.00085 
   14.28714   1.00039   0.00085 
   14.30215   0.99825   0.00076 
   14.31716   1.00112   0.00085 
   14.33217   0.99920   0.00087 
   14.34717   1.00002   0.00092 
   14.36218   1.00082   0.00088 
   14.37719   0.99895   0.00091 
   14.39220   1.00036   0.00073 
   14.40720   1.00006   0.00096 
   14.42221   1.00070   0.00083 
   14.43722   0.99933   0.00089 
   14.45223   1.00049   0.00079 
   14.46723   1.00158   0.00067 
   14.48224   0.99942   0.00068 
   14.49725   0.99988   0.00091 
   14.51226   0.99979   0.00062 
   14.52726   1.00097   0.00094 
   14.54227   1.00044   0.00080 
   14.55728   1.00007   0.00071 
   14.57229   0.99892   0.00095 
   14.58729   0.99895   0.00060 
   14.60230   0.99888   0.00067 
   14.61731   1.00054   0.00072 
   14.63232   0.99873   0.00061 
   14.64732   0.99938   0.00096 
   14.66233   0.99939   0.00082 
   14.67734   0.99984   0.00098 
   14.69235   0.99925   0.00084 
   14.70735   1.00018   0.00072 
   14.72236   0.99846   0.00094 
   14.73737   0.99948   0.00080 
   14.75238   0.99942   0.00092 
   14.76738   0.99948   0.00098 
   14.78239   0.99909   0.00061 
   14.79740   0.99951   0.00098 
   14.81241   1.00093   0.00074 
   14.82741   0.99911   0.00067 
   14.84242   1.00058   0.00099 
   14.85743   0.99972   0.00080 
   14.87244   1.00009   0.00095 
   14.88744   1.00032   0.00073 
   14.90245   0.99907   0.00084 
   14.91746   0.99952   0.00088 
   14.93247   1.00040   0.00076 
   14.94747   1.00127   0.00078 
   14.96248   0.99884   0.00063 
   14.97749   1.00029   0.00064 
   14.99250   0.99968   0.00073 
   15.00750   1.00033   0.00091 
   15.02251   1.00044   0.00082 
   15.03752   1.00133   0.00080 
   15.05253   0.99970   0.00069 
   15.06753   1.00086   0.00085 
   15.08254   1.00096   0.00098 
   15.09755   0.99968   0.00079 
   15.11256   0.99964   0.00082 
   15.12756   1.00020   0.00083 
   15.14257   1.00103   0.00068 
   15.15758   0.99896   0.00070 
   15.17259   1.00018   0.00061 
   15.18759   1.00063   0.00078 
   15.20260   0.99787   0.00076 
   15.21761   1.00072   0.00089 
   15.23262   1.00075   0.00072 
   15.24762   1.00015   0.00063 
   15.26263   1.00190   0.00070 
   15.27764   0.99947   0.00075 
   15.29265   1.00021   0.00089 
   15.30765   1.00070   0.00064 
   15.32266   0.99995   0.00098 
   15.33767   0.99978   0.00086 
   15.35268   0.99897   0.00066 
   15.36768   0.99957   0.00096 
   15.38269   0.99929   0.00093 
   15.39770   0.99781   0.00063 
   15.41271   1.00169   0.00069 
   15.42771   0.99880   0.00066 
   15.44272   0.99953   0.00077 
   15.45773   1.00165   0.00069 
   15.47274   0.99889   0.00093 
   15.48774   0.99989   0.00099 
   15.50275   0.99877   0.00069 
   15.51776   0.99936   0.00099 
   15.53277   0.99915   0.00084 
   15.54777   1.00022   0.00060 
   15.56278   0.99907   0.00064 
   15.57779   1.00030   0.00060 
   15.59280   0.99991   0.00093 
   15.60780   0.99979   0.00070 
   15.62281   1.00040   0.00061 
   15.63782   1.00054   0.00063 
   15.65283   0.99972   0.00065 
   15.66783   0.99983   0.00097 
   15.68284   1.00078   0.00067 
   15.69785   0.99919   0.00061 
   15.71286   1.00128   0.00092 
   15.72786   0.99895   0.00089 
   15.74287   1.00120   0.00066 
   15.75788   0.99890   0.00084 
   15.77289   1.00077   0.00093 
   15.78789   1.00080   0.00062 
   15.80290   0.99865   0.00067 
   15.81791   1.00108   0.00082 
   15.83292   1.00059   0.00075 
   15.84792   1.00097   0.00083 
   15.86293   0.99840   0.00088 
   15.87794   1.00013   0.00072 
   15.89295   0.99947   0.00090 
   15.90795   1.00101   0.00088 
   15.92296   0.99999   0.00092 
   15.93797   1.00041   0.00090 
   15.95298   0.99922   0.00061 
   15.96798   1.00104   0.00075 
   15.98299   0.99917   0.00085 
   15.99800   0.99942   0.00092 
   16.01301   0.99922   0.00068 
   16.02801   0.99979   0.00083 
   16.04302   0.99991   0.00076 
   16.05803   0.99971   0.00085 
   16.07304   1.00083   0.00071 
   16.08804   1.00053   0.00071 
   16.10305   1.00035   0.00075 
   16.11806   0.99986   0.00080 
   16.13307   0.99974   0.00095 
   16.14807   0.99888   0.00074 
   16.16308   1.00132   0.00074 
   16.17809   1.00053   0.00075 
   16.19310   0.99942   0.00082 
   16.20810   1.00109   0.00070 
   16.22311   1.00090   0.00074 
   16.23812   0.99957   0.00085 
   16.25313   1.00012   0.00079 
   16.26813   0.99859   0.00067 
   16.28314   1.00009   0.00073 
   16.29815   1.00059   0.00091 
   16.31316   1.00080   0.00074 
   16.32816   0.99962   0.00062 
   16.34317   0.99920   0.00066 
   16.35818   1.00103   0.00094 
   16.37319   1.00045   0.00100 
   16.38819   0.99846   0.00079 
   16.40320   0.99755   0.00081 
   16.41821   1.00087   0.00076 
   16.43322   1.00052   0.00091 
   16.44822   0.99948   0.00100 
   16.46323   0.99969   0.00091 
   16.47824   1.00023   0.00093 
   16.49325   1.00015   0.00060 
   16.50825   1.00032   0.00070 
   16.52326   1.00050   0.00070 
   16.53827   1.00104   0.00098 
   16.55328   1.00046   0.00087 
   16.56828   1.00041   0.00070 
   16.58329   0.99992   0.00061 
   16.59830   0.99930   0.00064 
   16.61331   1.00044   0.00082 
   16.62831   1.00103   0.00071 
   16.64332   0.99976   0.00093 
   16.65833   1.00008   0.00070 
   16.67334   0.99969   0.00077 
   16.68834   1.00084   0.00078 
   16.70335   0.99936   0.00076 
   16.71836   1.00058   0.00064 
   16.73337   0.99979   0.00086 
   16.74837   1.00066   0.00081 
   16.76338   1.00092   0.00080 
   16.77839   0.99844   0.00071 
   16.79340   0.99924   0.00082 
   16.80840   1.00010   0.00067 
   16.82341   1.00093   0.00070 
   16.83842   0.99928   0.00095 
   16.85343   0.99945   0.00066 
   16.86843   0.99900   0.00073 
   16.88344   0.99821   0.00100 
   16.89845   1.00057   0.00092 
   16.91346   0.99964   0.00074 
   16.92846   1.00092   0.00068 
   16.94347   1.00029   0.00067 
   16.95848   0.99992   0.00083 
   16.97349   1.00033   0.00086 
   16.98849   1.00077   0.00084 
   17.00350   0.99945   0.00068 
   17.01851   1.00050   0.00096 
   17.03352   0.99927   0.00093 
   17.04852   1.00031   0.00071 
   17.06353   0.99971   0.00091 
   17.07854   0.99986   0.00082 
   17.09355   0.99969   0.00069 
   17.10855   1.00030   0.00100 
   17.12356   1.00084   0.00063 
   17.13857   0.99994   0.00065 
   17.15358   1.00008   0.00077 
   17.16858   1.00013   0.00068 
   17.18359   1.00093   0.00070 
   17.19860   1.00089   0.00067 
   17.21361   1.00078   0.00061 
   17.22861   0.99923   0.00071 
   17.24362   1.00044   0.00087 
   17.25863   1.00117   0.00076 
   17.27364   1.00103   0.00081 
   17.28864   1.00119   0.00083 
   17.30365   1.00008   0.00075 
   17.31866   0.99857   0.00083 
   17.33367   0.99959   0.00099 
   17.34867   1.00035   0.00093 
   17.36368   0.99896   0.00073 
   17.37869   0.99983   0.00090 
   17.39370   1.00001   0.00071 
   17.40870   1.00023   0.00069 
   17.42371   0.99937   0.00070 
   17.43872   1.00038   0.00098 
   17.45373   0.99952   0.00068 
   17.46873   1.00001   0.00062 
   17.48374   1.00060   0.00087 
   17.49875   1.00023   0.00086 
   17.51376   1.00027   0.00076 
   17.52876   0.99911   0.00081 
   17.54377   1.00038   0.00063 
   17.55878   0.99929   0.00089 
   17.57379   0.99825   0.00072 
   17.58879   0.99980   0.00075 
   17.60380   0.99958   0.00090 
   17.61881   1.00211   0.00083 
   17.63382   1.00049   0.00073 
   17.64882   0.99970   0.00086 
   17.66383   1.00159   0.00084 
   17.67884   1.00073   0.00076 
   17.69385   0.99859   0.00065 
   17.70885   0.99979   0.00098 
   17.72386   0.99989   0.00067 
   17.73887   0.99993   0.00078 
   17.75388   1.00000   0.00075 
   17.76888   0.99962   0.00085 
   17.78389   1.00176   0.00082 
   17.79890   1.00056   0.00099 
   17.81391   0.99901   0.00089 
   17.82891   0.99997   0.00063 
   17.84392   1.00064   0.00069 
   17.85893   0.99980   0.00092 
   17.87394   0.99900   0.00080 
   17.88894   0.99842   0.00086 
   17.90395   1.00032   0.00061 
   17.91896   0.99854   0.00072 
   17.93397   1.00080   0.00066 
   17.94897   0.99967   0.00072 
   17.96398   1.00015   0.00097 
   17.97899   0.99526   0.00087 
   17.99400   0.99469   0.00074 
   18.00900   0.99378   0.00095 
   18.02401   0.99327   0.00080 
   18.03902   0.99340   0.00100 
   18.05403   0.99408   0.00065 
   18.06903   0.99361   0.00071 
   18.08404   0.99506   0.00079 
   18.09905   0.99269   0.00076 
   18.11406   0.99232   0.00095 
   18.12906   0.99499   0.00075 
   18.14407   0.99790   0.00092 
   18.15908   1.00032   0.00091 
   18.17409   1.00068   0.00097 
   18.18909   1.00151   0.00086 
   18.20410   0.99934   0.00064 
   18.21911   1.00033   0.00063 
   18.23412   0.99978   0.00066 
   18.24912   1.00054   0.00062 
   18.26413   0.99945   0.00094 
   18.27914   0.99903   0.00098 
   18.29415   1.00078   0.00089 
   18.30915   0.99965   0.00060 
   18.32416   1.00146   0.00086 
   18.33917   0.99995   0.00084 
   18.35418   0.99917   0.00070 
   18.36918   1.00168   0.00086 
   18.38419   1.00005   0.00099 
   18.39920   0.99927   0.00070 
   18.41421   0.99953   0.00098 
   18.42921   0.99902   0.00076 
   18.44422   1.00139   0.00079 
   18.45923   0.99975   0.00074 
   18.47424   0.99881   0.00069 
   18.48924   1.00012   0.00094 
   18.50425   0.99976   0.00077 
   18.51926   0.99883   0.00068 
   18.53427   0.99938   0.00071 
   18.54927   0.99969   0.00064 
   18.56428   0.99990   0.00084 
   18.57929   0.99994   0.00091 
   18.59430   1.00029   0.00061 
   18.60930   1.00060   0.00095 
   18.62431   1.00048   0.00071 
   18.63932   0.99965   0.00062 
   18.65433   1.00087   0.00060 
   18.66933   0.99995   0.00077 
   18.68434   0.99936   0.00088 
   18.69935   0.99913   0.00085 
   18.71436   0.99989   0.00099 
   18.72936   1.00034   0.00060 
   18.74437   1.00007   0.00070 
   18.75938   1.00067   0.00070 
   18.77439   1.00051   0.00094 
   18.78939   1.00020   0.00073 
   18.80440   1.00161   0.00080 
   18.81941   0.99850   0.00092 
   18.83442   1.00006   0.00093 
   18.84942   0.99984   0.00066 
   18.86443   0.99888   0.00078 
   18.87944   0.99973   0.00093 
   18.89445   1.00002   0.00097 
   18.90945   0.99991   0.00078 
   18.92446   1.00108   0.00072 
   18.93947   0.99951   0.00079 
   18.95448   1.00110   0.00098 
   18.96948   0.99910   0.00074 
   18.98449   0.99950   0.00093 
   18.99950   1.00012   0.00089 
   19.01451   1.00016   0.00088 
   19.02951   0.99926   0.00064 
   19.04452   1.00018   0.00078 
   19.05953   1.00009   0.00084 
   19.07454   0.99978   0.00098 
   19.08954   1.00028   0.00096 
   19.10455   0.99975   0.00084 
   19.11956   0.99961   0.00082 
   19.13457   1.00076   0.00086 
   19.14957   1.00067   0.00062 
   19.16458   0.99946   0.00082 
   19.17959   0.99993   0.00061 
   19.19460   1.00059   0.00080 
   19.20960   0.99967   0.00065 
   19.22461   0.99902   0.00070 
   19.23962   0.99974   0.00077 
   19.25463   0.99847   0.00070 
   19.26963   0.99915   0.00063 
   19.28464   0.99927   0.00061 
   19.29965   1.00173   0.00094 
   19.31466   0.99929   0.00077 
   19.32966   0.99906   0.00094 
   19.34467   1.00070   0.00092 
   19.35968   0.99943   0.00071 
   19.37469   0.99871   0.00095 
   19.38969   1.00016   0.00096 
   19.40470   0.99987   0.00061 
   19.41971   0.99967   0.00063 
   19.43472   0.99939   0.00082 
   19.44972   0.99897   0.00082 
   19.46473   1.00101   0.00088 
   19.47974   0.99934   0.00067 
   19.49475   1.00151   0.00070 
   19.50975   0.99990   0.00098 
   19.52476   0.99891   0.00097 
   19.53977   1.00008   0.00067 
   19.55478   1.00085   0.00080 
   19.56978   1.00059   0.00094 
   19.58479   0.99958   0.00087 
   19.59980   1.00077   0.00094 
   19.61481   0.99900   0.00085 
   19.62981   1.00022   0.00070 
   19.64482   1.00001   0.00078 
   19.65983   1.00033   0.00080 
   19.67484   1.00053   0.00083 
   19.68984   0.99878   0.00068 
   19.70485   1.00004   0.00097 
   19.71986   0.99881   0.00069 
   19.73487   0.99979   0.00086 
   19.74987   1.00068   0.00093 
   19.76488   1.00080   0.00088 
   19.77989   1.00010   0.00083 
   19.79490   1.00017   0.00079 
   19.80990   0.99914   0.00087 
   19.82491   0.99974   0.00082 
   19.83992   0.99959   0.00070 
   19.85493   0.99962   0.00060 
   19.86993   1.00047   0.00094 
   19.88494   0.99952   0.00064 
   19.89995   1.00047   0.00069 
   19.91496   1.00054   0.00068 
   19.92996   0.99924   0.00081 
   19.94497   0.99953   0.00078 
   19.95998   1.00034   0.00069 
   19.97499   0.99883   0.00093 
   19.98999   0.99912   0.00100 
   20.00500   1.00106   0.00080 
   20.02001   0.99997   0.00093 
   20.03502   1.00053   0.00063 
   20.05003   1.00085   0.00063 
   20.06503   0.99994   0.00066 
   20.08004   0.99992   0.00082 
   20.09505   1.00010   0.00082 
   20.11006   1.00148   0.00068 
   20.12506   1.00051   0.00084 
   20.14007   0.99958   0.00063 
   20.15508   1.00065   0.00063 
   20.17009   1.00060   0.00078 
   20.18509   1.00010   0.00089 
   20.20010   0.99936   0.00072 
   20.21511   1.00127   0.00088 
   20.23012   0.99812   0.00062 
   20.24512   1.00090   0.00096 
   20.26013   0.99887   0.00079 
   20.27514   1.00022   0.00089 
   20.29015   1.00013   0.00072 
   20.30515   1.00073   0.00078 
   20.32016   0.99938   0.00079 
   20.33517   1.00023   0.00100 
   20.35018   0.99992   0.00084 
   20.36518   0.99973   0.00068 
   20.38019   0.99882   0.00077 
   20.39520   1.00012   0.00094 
   20.41021   1.00061   0.00068 
   20.42521   0.99981   0.00080 
   20.44022   0.99953   0.00099 
   20.45523   1.00025   0.00093 
   20.47024   0.99973   0.00091 
   20.48524   1.00023   0.00074 
   20.50025   0.99949   0.00092 
   20.51526   0.99965   0.00078 
   20.53027   1.00022   0.00099 
   20.54527   1.00000   0.00078 
   20.56028   1.00030   0.00071 
   20.57529   1.00058   0.00099 
   20.59030   0.99944   0.00061 
   20.60530   1.00072   0.00064 
   20.62031   1.00042   0.00062 
   20.63532   0.99949   0.00069 
   20.65033   0.99954   0.00079 
   20.66533   1.00000   0.00082 
   20.68034   1.00063   0.00081 
   20.69535   1.00087   0.00089 
   20.71036   0.99989   0.00072 
   20.72536   1.00022   0.00067 
   20.74037   1.00119   0.00084 
   20.75538   0.99994   0.00096 
   20.77039   0.99817   0.00092 
   20.78539   0.99863   0.00086 
   20.80040   1.00099   0.00090 
   20.81541   1.00000   0.00062 
   20.83042   1.00056   0.00063 
   20.84542   1.00014   0.00084 
   20.86043   1.00145   0.00062 
   20.87544   1.00046   0.00064 
   20.89045   1.00150   0.00082 
   20.90545   1.00049   0.00099 
   20.92046   0.99909   0.00092 
   20.93547   0.99890   0.00077 
   20.95048   0.99973   0.00081 
   20.96548   0.99987   0.00079 
   20.98049   1.00093   0.00089 
   20.99550   0.99965   0.00065 
   21.01051   0.99939   0.00099 
   21.02551   0.99980   0.00066 
   21.04052   1.00088   0.00079 
   21.05553   1.00169   0.00096 
   21.07054   1.00043   0.00092 
   21.08554   0.99876   0.00098 
   21.10055   1.00095   0.00092 
   21.11556   0.99924   0.00099 
   21.13057   0.99949   0.00079 
   21.14557   0.99954   0.00068 
   21.16058   0.99934   0.00062 
   21.17559   0.99950   0.00093 
   21.19060   0.99879   0.00067 
   21.20560   1.00041   0.00085 
   21.22061   0.99971   0.00067 
   21.23562   1.00059   0.00093 
   21.25063   0.99907   0.00084 
   21.26563   1.00049   0.00088 
   21.28064   0.99914   0.00080 
   21.29565   0.99954   0.00090 
   21.31066   1.00087   0.00071 
   21.32566   1.00013   0.00083 
   21.34067   1.00004   0.00094 
   21.35568   1.00018   0.00061 
   21.37069   0.99997   0.00073 
   21.38569   1.00017   0.00095 
   21.40070   1.00075   0.00095 
   21.41571   0.99956   0.00072 
   21.43072   1.00069   0.00069 
   21.44572   0.99920   0.00077 
   21.46073   0.99975   0.00076 
   21.47574   0.99981   0.00073 
   21.49075   1.00039   0.00089 
   21.50575   0.99940   0.00093 
   21.52076   1.00014   0.00099 
   21.53577   1.00022   0.00100 
   21.55078   0.99979   0.00064 
   21.56578   0.99978   0.00090 
   21.58079   1.00000   0.00083 
   21.59580   1.00061   0.00065 
   21.61081   0.99991   0.00064 
   21.62581   0.99945   0.00085 
   21.64082   1.00108   0.00081 
   21.65583   1.00035   0.00099 
   21.67084   1.00019   0.00083 
   21.68584   0.99915   0.00065 
   21.70085   0.99829   0.00099 
   21.71586   0.99926   0.00095 
   21.73087   1.00028   0.00067 
   21.74587   1.00020   0.00068 
   21.76088   0.99939   0.00076 
   21.77589   1.00045   0.00093 
   21.79090   1.00089   0.00060 
   21.80590   1.00182   0.00097 
   21.82091   0.99952   0.00075 
   21.83592   0.99890   0.00074 
   21.85093   0.99970   0.00074 
   21.86593   1.00130   0.00089 
   21.88094   1.00042   0.00085 
   21.89595   0.99879   0.00079 
   21.91096   0.99979   0.00097 
   21.92596   0.99954   0.00082 
   21.94097   1.00137   0.00066 
   21.95598   1.00029   0.00096 
   21.97099   1.00048   0.00063 
   21.98599   0.99970   0.00086 
   22.00100   0.99971   0.00072 
   22.01601   0.99852   0.00073 
   22.03102   1.00016   0.00074 
   22.04602   0.99923   0.00062 
   22.06103   0.99908   0.00092 
   22.07604   0.99973   0.00062 
   22.09105   0.99997   0.00081 
   22.10605   0.99888   0.00089 
   22.12106   1.00072   0.00061 
   22.13607   1.00026   0.00066 
   22.15108   1.00140   0.00077 
   22.16608   1.00080   0.00090 
   22.18109   1.00063   0.00061 
   22.19610   1.00003   0.00068 
   22.21111   1.00145   0.00092 
   22.22611   1.00088   0.00086 
   22.24112   1.00055   0.00083 
   22.25613   0.99906   0.00098 
   22.27114   1.00163   0.00079 
   22.28614   1.00080   0.00093 
   22.30115   0.99941   0.00091 
   22.31616   0.99919   0.00062 
   22.33117   1.00088   0.00099 
   22.34617   0.99987   0.00064 
   22.36118   0.99983   0.00089 
   22.37619   1.00035   0.00060 
   22.39120   0.99998   0.00095 
   22.40620   0.99911   0.00099 
   22.42121   1.00042   0.00085 
   22.43622   1.00031   0.00091 
   22.45123   0.99901   0.00076 
   22.46623   0.99926   0.00070 
   22.48124   0.99980   0.00068 
   22.49625   1.00048   0.00088 
   22.51126   1.00121   0.00069 
   22.52626   1.00036   0.00070 
   22.54127   0.99965   0.00077 
   22.55628   0.99965   0.00066 
   22.57129   1.00127   0.00094 
   22.58629   0.99997   0.00094 
   22.60130   1.00035   0.00062 
   22.61631   1.00017   0.00061 
   22.63132   1.00010   0.00080 
   22.64632   0.99945   0.00086 
   22.66133   1.00090   0.00068 
   22.67634   0.99994   0.00077 
   22.69135   0.99933   0.00094 
   22.70635   0.99852   0.00066 
   22.72136   0.99978   0.00071 
   22.73637   0.99925   0.00079 
   22.75138   0.99977   0.00098 
   22.76638   0.99458   0.00073 
   22.78139   0.99375   0.00071 
   22.79640   0.99462   0.00063 
   22.81141   0.99212   0.00080 
   22.82641   0.99213   0.00089 
   22.84142   0.99238   0.00062 
   22.85643   0.99450   0.00072 
   22.87144   0.99297   0.00088 
   22.88644   0.99259   0.00082 
   22.90145   0.99435   0.00063 
   22.91646   0.99375   0.00072 
   22.93147   0.99934   0.00082 
   22.94647   0.99969   0.00098 
   22.96148   1.00008   0.00062 
   22.97649   1.00123   0.00061 
   22.99150   1.00057   0.00089 
   23.00650   1.00019   0.00069 
   23.02151   1.00185   0.00084 
   23.03652   0.99931   0.00066 
   23.05153   1.00127   0.00067 
   23.06653   0.99994   0.00062 
   23.08154   0.99903   0.00070 
   23.09655   0.99972   0.00062 
   23.11156   0.99967   0.00065 
   23.12656   0.99982   0.00084 
   23.14157   0.99976   0.00098 
   23.15658   1.00092   0.00095 
   23.17159   1.00006   0.00073 
   23.18659   0.99994   0.00091 
   23.20160   1.00117   0.00069 
   23.21661   0.99943   0.00083 
   23.23162   1.00039   0.00080 
   23.24662   0.99946   0.00065 
   23.26163   0.99845   0.00086 
   23.27664   0.99910   0.00062 
   23.29165   1.00054   0.00062 
   23.30665   0.99956   0.00100 
   23.32166   1.00046   0.00083 
   23.33667   0.99939   0.00078 
   23.35168   0.99941   0.00093 
   23.36668   0.99953   0.00085 
   23.38169   0.99973   0.00063 
   23.39670   1.00027   0.00071 
   23.41171   0.99959   0.00079 
   23.42671   0.99936   0.00074 
   23.44172   1.00115   0.00088 
   23.45673   1.00004   0.00091 
   23.47174   1.00060   0.00090 
   23.48674   1.00008   0.00097 
   23.50175   1.00034   0.00078 
   23.51676   1.00057   0.00098 
   23.53177   1.00030   0.00064 
   23.54677   1.00067   0.00085 
   23.56178   1.00067   0.00068 
   23.57679   0.99982   0.00082 
   23.59180   0.99904   0.00073 
   23.60680   0.99961   0.00091 
   23.62181   1.00046   0.00066 
   23.63682   1.00049   0.00069 
   23.65183   1.00020   0.00071 
   23.66683   0.99992   0.00091 
   23.68184   1.00057   0.00067 
   23.69685   1.00061   0.00090 
   23.71186   1.00049   0.00068 
   23.72686   1.00092   0.00087 
   23.74187   1.00011   0.00077 
   23.75688   1.00047   0.00071 
   23.77189   1.00096   0.00099 
   23.78689   1.00034   0.00084 
   23.80190   0.99938   0.00080 
   23.81691   1.00066   0.00091 
   23.83192   1.00103   0.00092 
   23.84692   1.00087   0.00096 
   23.86193   1.00075   0.00093 
   23.87694   0.99929   0.00062 
   23.89195   1.00018   0.00060 
   23.90695   0.99931   0.00091 
   23.92196   1.00072   0.00070 
   23.93697   1.00051   0.00069 
   23.95198   0.99908   0.00084 
   23.96698   0.99987   0.00086 
   23.98199   0.99920   0.00074 
   23.99700   1.00034   0.00070 
   24.01201   1.00065   0.00076 
   24.02701   1.00020   0.00071 
   24.04202   0.99990   0.00074 
   24.05703   1.00122   0.00081 
   24.07204   1.00020   0.00061 
   24.08704   1.00048   0.00069 
   24.10205   1.00028   0.00099 
   24.11706   1.00008   0.00087 
   24.13207   1.00073   0.00089 
   24.14707   1.00035   0.00095 
   24.16208   0.99949   0.00096 
   24.17709   0.99972   0.00097 
   24.19210   1.00014   0.00085 
   24.20710   0.99993   0.00097 
   24.22211   1.00176   0.00096 
   24.23712   0.99979   0.00089 
   24.25213   0.99913   0.00085 
   24.26713   0.99973   0.00061 
   24.28214   0.99981   0.00095 
   24.29715   1.00112   0.00084 
   24.31216   1.00021   0.00077 
   24.32716   0.99927   0.00072 
   24.34217   1.00069   0.00086 
   24.35718   1.00095   0.00068 
   24.37219   1.00060   0.00096 
   24.38719   0.99960   0.00065 
   24.40220   1.00047   0.00061 
   24.41721   0.99894   0.00073 
   24.43222   1.00066   0.00065 
   24.44722   0.99967   0.00090 
   24.46223   1.00070   0.00069 
   24.47724   1.00002   0.00060 
   24.49225   1.00052   0.00093 
   24.50725   0.99901   0.00073 
   24.52226   0.99987   0.00090 
   24.53727   0.99852   0.00062 
   24.55228   1.00021   0.00065 
   24.56728   0.99973   0.00076 
   24.58229   0.99947   0.00093 
   24.59730   0.99953   0.00093 
   24.61231   1.00097   0.00098 
   24.62731   0.99947   0.00083 
   24.64232   0.99981   0.00070 
   24.65733   1.00021   0.00093 
   24.67234   0.99971   0.00080 
   24.68734   1.00016   0.00064 
   24.70235   1.00059   0.00086 
   24.71736   1.00043   0.00079 
   24.73237   1.00104   0.00076 
   24.74737   0.99941   0.00070 
   24.76238   0.99875   0.00091 
   24.77739   1.00024   0.00069 
   24.79240   0.99860   0.00097 
   24.80740   1.00087   0.00079 
   24.82241   0.99886   0.00082 
   24.83742   0.99975   0.00092 
   24.85243   1.00047   0.00084 
   24.86743   1.00011   0.00094 
   24.88244   0.99896   0.00082 
   24.89745   1.00032   0.00061 
   24.91246   0.99904   0.00069 
   24.92746   0.99931   0.00064 
   24.94247   1.00102   0.00079 
   24.95748   1.00035   0.00063 
   24.97249   1.00090   0.00083 
   24.98749   0.99838   0.00096 
   25.00250   0.99946   0.00071 
   25.01751   0.99923   0.00085 
   25.03252   1.00068   0.00096 
   25.04752   0.99818   0.00072 
   25.06253   1.00016   0.00092 
   25.07754   0.99915   0.00081 
   25.09255   0.99982   0.00091 
   25.10755   0.99927   0.00072 
   25.12256   0.99963   0.00061 
   25.13757   1.00070   0.00070 
   25.15258   0.99962   0.00084 
   25.16758   1.00071   0.00069 
   25.18259   1.00009   0.00081 
   25.19760   0.99943   0.00062 
   25.21261   1.00119   0.00092 
   25.22761   0.99883   0.00068 
   25.24262   1.00054   0.00074 
   25.25763   0.99934   0.00073 
   25.27264   1.00125   0.00078 
   25.28764   1.00023   0.00098 
   25.30265   1.00086   0.00070 
   25.31766   0.99866   0.00076 
   25.33267   1.00043   0.00082 
   25.34767   1.00047   0.00062 
   25.36268   0.99962   0.00061 
   25.37769   1.00037   0.00098 
   25.39270   0.99933   0.00062 
   25.40770   0.99966   0.00077 
   25.42271   0.99887   0.00077 
   25.43772   1.00083   0.00070 
   25.45273   0.99937   0.00090 
   25.46773   1.00031   0.00082 
   25.48274   1.00039   0.00071 
   25.49775   1.00166   0.00079 
   25.51276   0.99927   0.00075 
   25.52776   0.99966   0.00072 
   25.54277   1.00084   0.00082 
   25.55778   0.99988   0.00063 
   25.57279   0.99890   0.00087 
   25.58779   0.99898   0.00088 
   25.60280   1.00046   0.00077 
   25.61781   0.99911   0.00092 
   25.63282   1.00071   0.00064 
   25.64782   1.00009   0.00064 
   25.66283   0.99973   0.00082 
   25.67784   0.99959   0.00091 
   25.69285   1.00026   0.00079 
   25.70785   0.99904   0.00062 
   25.72286   1.00021   0.00095 
   25.73787   1.00046   0.00081 
   25.75288   0.99772   0.00081 
   25.76788   0.99860   0.00065 
   25.78289   1.00029   0.00090 
   25.79790   1.00069   0.00092 
   25.81291   0.99984   0.00087 
   25.82791   1.00028   0.00072 
   25.84292   0.99981   0.00065 
   25.85793   0.99998   0.00062 
   25.87294   1.00160   0.00091 
   25.88794   0.99987   0.00068 
   25.90295   1.00003   0.00089 
   25.91796   1.00013   0.00093 
   25.93297   0.99959   0.00093 
   25.94797   0.99943   0.00069 
   25.96298   0.99956   0.00061 
   25.97799   0.99952   0.00082 
   25.99300   1.00103   0.00073 
   26.00800   1.00009   0.00062 
   26.02301   0.99890   0.00089 
   26.03802   1.00075   0.00084 
   26.05303   0.99976   0.00069 
   26.06803   0.99951   0.00084 
   26.08304   1.00019   0.00069 
   26.09805   0.99891   0.00070 
   26.11306   0.99952   0.00063 
   26.12806   0.99940   0.00085 
   26.14307   0.99984   0.00071 
   26.15808   1.00002   0.00064 
   26.17309   1.00028   0.00091 
   26.18809   1.00066   0.00063 
   26.20310   1.00064   0.00099 
   26.21811   1.00094   0.00063 
   26.23312   1.00004   0.00071 
   26.24812   1.00019   0.00085 
   26.26313   1.00080   0.00070 
   26.27814   1.00073   0.00077 
   26.29315   0.99994   0.00067 
   26.30815   1.00113   0.00091 
   26.32316   1.00011   0.00079 
   26.33817   1.00084   0.00094 
   26.35318   0.99886   0.00097 
   26.36818   0.99904   0.00060 
   26.38319   0.99990   0.00095 
   26.39820   0.99939   0.00096 
   26.41321   1.00070   0.00062 
   26.42821   1.00026   0.00075 
   26.44322   1.00049   0.00070 
   26.45823   0.99941   0.00068 
   26.47324   1.00037   0.00068 
   26.48824   0.99905   0.00065 
   26.50325   0.99954   0.00091 
   26.51826   0.99955   0.00060 
   26.53327   0.99917   0.00089 
   26.54827   0.99925   0.00071 
   26.56328   0.99941   0.00085 
   26.57829   0.99977   0.00090 
   26.59330   0.99961   0.00095 
   26.60830   0.99949   0.00068 
   26.62331   1.00024   0.00094 
   26.63832   1.00052   0.00080 
   26.65333   0.99946   0.00094 
   26.66833   0.99997   0.00089 
   26.68334   0.99882   0.00067 
   26.69835   0.99902   0.00097 
   26.71336   1.00087   0.00097 
   26.72836   0.99930   0.00081 
   26.74337   0.99896   0.00074 
   26.75838   1.00028   0.00068 
   26.77339   1.00131   0.00079 
   26.78839   0.99915   0.00089 
   26.80340   1.00000   0.00075 
   26.81841   0.99928   0.00089 
   26.83342   0.99916   0.00077 
   26.84842   0.99965   0.00078 
   26.86343   0.99966   0.00066 
   26.87844   0.99874   0.00071 
   26.89345   1.00036   0.00062 
   26.90845   1.00079   0.00090 
   26.92346   1.00073   0.00062 
   26.93847   1.00035   0.00080 
   26.95348   0.99980   0.00073 
   26.96848   0.99862   0.00087 
   26.98349   0.99964   0.00065 
   26.99850   0.99947   0.00085 
   27.01351   0.99925   0.00100 
   27.02851   1.00065   0.00100 
   27.04352   0.99895   0.00080 
   27.05853   1.00002   0.00081 
   27.07354   1.00125   0.00073 
   27.08854   0.99964   0.00099 
   27.10355   1.00014   0.00092 
   27.11856   1.00030   0.00084 
   27.13357   1.00062   0.00094 
   27.14857   0.99825   0.00083 
   27.16358   0.99941   0.00097 
   27.17859   1.00188   0.00089 
   27.19360   1.00027   0.00092 
   27.20860   0.99841   0.00093 
   27.22361   0.99974   0.00072 
   27.23862   1.00004   0.00086 
   27.25363   1.00059   0.00089 
   27.26863   1.00024   0.00074 
   27.28364   0.99877   0.00082 
   27.29865   1.00001   0.00065 
   27.31366   0.99982   0.00080 
   27.32866   1.00090   0.00067 
   27.34367   0.99951   0.00079 
   27.35868   1.00092   0.00071 
   27.37369   0.99966   0.00070 
   27.38869   0.99938   0.00096 
   27.40370   1.00029   0.00074 
   27.41871   1.00050   0.00067 
   27.43372   0.99957   0.00074 
   27.44872   1.00118   0.00084 
   27.46373   0.99975   0.00081 
   27.47874   0.99949   0.00078 
   27.49375   1.00025   0.00091 
   27.50875   0.99937   0.00099 
   27.52376   1.00110   0.00094 
   27.53877   0.99713   0.00062 
   27.55378   0.99361   0.00079 
   27.56878   0.99266   0.00098 
   27.58379   0.99205   0.00081 
   27.59880   0.99466   0.00069 
   27.61381   0.99079   0.00064 
   27.62881   0.99276   0.00074 
   27.64382   0.99393   0.00061 
   27.65883   0.99447   0.00089 
   27.67384   0.99311   0.00088 
   27.68884   0.99437   0.00091 
   27.70385   0.99856   0.00094 
   27.71886   0.99881   0.00080 
   27.73387   0.99819   0.00094 
   27.74887   1.00093   0.00093 
   27.76388   0.99880   0.00100 
   27.77889   0.99972   0.00097 
   27.79390   0.99860   0.00093 
   27.80890   0.99911   0.00074 
   27.82391   0.99989   0.00078 
   27.83892   0.99894   0.00080 
   27.85393   0.99967   0.00066 
   27.86893   0.99987   0.00093 
   27.88394   0.99996   0.00063 
   27.89895   1.00029   0.00098 
   27.91396   0.99920   0.00069 
   27.92896   0.99873   0.00072 
   27.94397   0.99987   0.00097 
   27.95898   0.99999   0.00087 
   27.97399   0.99974   0.00099 
   27.98899   0.99948   0.00095 
   28.00400   0.99982   0.00095 
   28.01901   1.00050   0.00098 
   28.03402   1.00089   0.00060 
   28.04902   1.00064   0.00068 
   28.06403   1.00214   0.00061 
   28.07904   1.00064   0.00084 
   28.09405   0.99967   0.00096 
   28.10905   1.00023   0.00065 
   28.12406   0.99919   0.00083 
   28.13907   1.00025   0.00074 
   28.15408   0.99999   0.00080 
   28.16908   1.00109   0.00091 
   28.18409   0.99904   0.00071 
   28.19910   0.99956   0.00069 
   28.21411   0.99886   0.00065 
   28.22911   0.99948   0.00097 
   28.24412   0.99989   0.00099 
   28.25913   1.00103   0.00072 
   28.27414   0.99988   0.00085 
   28.28914   1.00070   0.00095 
   28.30415   0.99837   0.00097 
   28.31916   1.00081   0.00089 
   28.33417   0.99968   0.00070 
   28.34917   0.99977   0.00095 
   28.36418   1.00001   0.00098 
   28.37919   1.00135   0.00100 
   28.39420   0.99996   0.00086 
   28.40920   0.99954   0.00076 
   28.42421   0.99990   0.00090 
   28.43922   0.99977   0.00093 
   28.45423   1.00060   0.00065 
   28.46923   1.00041   0.00071 
   28.48424   0.99983   0.00089 
   28.49925   1.00072   0.00076 
   28.51426   0.99943   0.00064 
   28.52926   0.99857   0.00072 
   28.54427   0.99985   0.00088 
   28.55928   1.00004   0.00073 
   28.57429   0.99979   0.00079 
   28.58929   1.00038   0.00096 
   28.60430   1.00088   0.00099 
   28.61931   1.00011   0.00095 
   28.63432   0.99854   0.00090 
   28.64932   1.00075   0.00076 
   28.66433   1.00117   0.00080 
   28.67934   0.99865   0.00080 
   28.69435   1.00200   0.00071 
   28.70935   1.00064   0.00082 
   28.72436   1.00019   0.00090 
   28.73937   1.00025   0.00094 
   28.75438   0.99956   0.00069 
   28.76938   0.99964   0.00095 
   28.78439   1.00211   0.00065 
   28.79940   0.99993   0.00090 
   28.81441   1.00061   0.00085 
   28.82941   1.00030   0.00076 
   28.84442   1.00180   0.00077 
   28.85943   1.00047   0.00071 
   28.87444   0.99847   0.00080 
   28.88944   0.99921   0.00072 
   28.90445   1.00079   0.00091 
   28.91946   1.00158   0.00076 
   28.93447   0.99855   0.00092 
   28.94947   1.00006   0.00090 
   28.96448   0.99995   0.00062 
   28.97949   1.00018   0.00088 
   28.99450   1.00047   0.00073 
   29.00950   1.00004   0.00070 
   29.02451   1.00042   0.00082 
   29.03952   1.00021   0.00062 
   29.05453   0.99899   0.00082 
   29.06953   1.00050   0.00094 
   29.08454   1.00054   0.00063 
   29.09955   0.99983   0.00092 
   29.11456   1.00070   0.00060 
   29.12956   0.99968   0.00072 
   29.14457   1.00018   0.00099 
   29.15958   1.00041   0.00095 
   29.17459   0.99849   0.00073 
   29.18959   0.99995   0.00099 
   29.20460   0.99913   0.00097 
   29.21961   1.00059   0.00091 
   29.23462   0.99977   0.00071 
   29.24962   0.99997   0.00068 
   29.26463   0.99977   0.00072 
   29.27964   0.99926   0.00074 
   29.29465   0.99976   0.00098 
   29.30965   0.99893   0.00099 
   29.32466   1.00137   0.00073 
   29.33967   0.99844   0.00061 
   29.35468   1.00027   0.00086 
   29.36968   1.00074   0.00097 
   29.38469   0.99984   0.00070 
   29.39970   0.99873   0.00092 
   29.41471   0.99965   0.00097 
   29.42971   1.00036   0.00080 
   29.44472   1.00011   0.00093 
   29.45973   0.99957   0.00079 
   29.47474   1.00012   0.00087 
   29.48974   1.00169   0.00098 
   29.50475   0.99933   0.00099 
   29.51976   0.99993   0.00092 
   29.53477   0.99934   0.00084 
   29.54977   1.00068   0.00071 
   29.56478   1.00103   0.00088 
   29.57979   0.99868   0.00094 
   29.59480   0.99969   0.00065 
   29.60980   1.00028   0.00094 
   29.62481   0.99972   0.00080 
   29.63982   1.00006   0.00094 
   29.65483   1.00105   0.00085 
   29.66983   1.00019   0.00060 
   29.68484   0.99973   0.00095 
   29.69985   1.00148   0.00087 
   29.71486   0.99900   0.00086 
   29.72986   0.99991   0.00090 
   29.74487   0.99879   0.00099 
   29.75988   1.00087   0.00082 
   29.77489   0.99999   0.00087 
   29.78989   1.00009   0.00071 
   29.80490   0.99925   0.00083 
   29.81991   1.00114   0.00084 
   29.83492   1.00054   0.00065 
   29.84992   0.99858   0.00077 
   29.86493   0.99963   0.00091 
   29.87994   1.00070   0.00065 
   29.89495   0.99992   0.00084 
   29.90995   0.99992   0.00076 
   29.92496   0.99957   0.00070 
   29.93997   1.00093   0.00097 
   29.95498   1.00148   0.00099 
   29.96998   0.99870   0.00069 
   29.98499   1.00018   0.00083 
   30.00000   1.00051   0.00095 
