#    time      flux     flux_err 
    3.58000   1.00002   0.00010 
    3.58008   1.00005   0.00012 
    3.58016   1.00004   0.00012 
    3.58024   0.99988   0.00008 
    3.58032   0.99989   0.00011 
    3.58040   1.00009   0.00012 
    3.58048   0.99991   0.00008 
    3.58056   0.99973   0.00008 
    3.58064   1.00014   0.00008 
    3.58072   1.00002   0.00010 
    3.58080   1.00009   0.00010 
    3.58088   0.99993   0.00011 
    3.58096   0.99998   0.00012 
    3.58104   1.00007   0.00011 
    3.58112   0.99991   0.00011 
    3.58120   0.99998   0.00012 
    3.58128   1.00001   0.00011 
    3.58136   1.00014   0.00012 
    3.58144   0.99989   0.00008 
    3.58152   1.00005   0.00010 
    3.58160   1.00019   0.00009 
    3.58168   1.00000   0.00009 
    3.58176   1.00000   0.00012 
    3.58184   0.99998   0.00009 
    3.58192   1.00013   0.00012 
    3.58200   0.99997   0.00010 
    3.58208   1.00008   0.00010 
    3.58216   0.99998   0.00008 
    3.58224   0.99999   0.00011 
    3.58232   0.99988   0.00012 
    3.58240   0.99990   0.00008 
    3.58248   0.99987   0.00009 
    3.58257   0.99995   0.00012 
    3.58265   0.99981   0.00011 
    3.58273   0.99996   0.00009 
    3.58281   1.00001   0.00010 
    3.58289   1.00013   0.00010 
    3.58297   1.00015   0.00012 
    3.58305   1.00007   0.00010 
    3.58313   1.00002   0.00011 
    3.58321   1.00010   0.00012 
    3.58329   1.00003   0.00012 
    3.58337   1.00005   0.00008 
    3.58345   1.00009   0.00008 
    3.58353   0.99990   0.00009 
    3.58361   1.00001   0.00009 
    3.58369   1.00004   0.00012 
    3.58377   1.00020   0.00011 
    3.58385   0.99996   0.00011 
    3.58393   1.00000   0.00010 
    3.58401   0.99999   0.00010 
    3.58409   0.99981   0.00010 
    3.58417   1.00008   0.00008 
    3.58425   0.99998   0.00009 
    3.58433   0.99996   0.00011 
    3.58441   1.00006   0.00012 
    3.58449   0.99997   0.00011 
    3.58457   1.00010   0.00012 
    3.58465   0.99999   0.00011 
    3.58473   1.00000   0.00010 
    3.58481   1.00004   0.00008 
    3.58489   1.00004   0.00009 
    3.58497   0.99988   0.00011 
    3.58505   0.99985   0.00010 
    3.58513   0.99994   0.00008 
    3.58521   0.99999   0.00011 
    3.58529   1.00008   0.00009 
    3.58537   1.00000   0.00010 
    3.58545   1.00004   0.00012 
    3.58553   1.00002   0.00012 
    3.58561   0.99987   0.00011 
    3.58569   1.00027   0.00011 
    3.58577   0.99999   0.00012 
    3.58585   1.00018   0.00011 
    3.58593   1.00001   0.00010 
    3.58601   1.00004   0.00009 
    3.58609   0.99999   0.00009 
    3.58617   1.00004   0.00008 
    3.58625   0.99989   0.00011 
    3.58633   0.99991   0.00012 
    3.58641   0.99999   0.00011 
    3.58649   1.00000   0.00012 
    3.58657   1.00000   0.00011 
    3.58665   1.00014   0.00008 
    3.58673   0.99982   0.00011 
    3.58681   0.99995   0.00008 
    3.58689   0.99978   0.00012 
    3.58697   1.00007   0.00011 
    3.58705   1.00008   0.00011 
    3.58713   1.00001   0.00008 
    3.58721   0.99999   0.00011 
    3.58729   1.00002   0.00008 
    3.58737   1.00010   0.00008 
    3.58745   0.99991   0.00009 
    3.58754   1.00009   0.00008 
    3.58762   0.99983   0.00009 
    3.58770   1.00002   0.00008 
    3.58778   0.99983   0.00008 
    3.58786   0.99998   0.00012 
    3.58794   1.00000   0.00009 
    3.58802   0.99988   0.00011 
    3.58810   1.00000   0.00011 
    3.58818   1.00016   0.00009 
    3.58826   0.99989   0.00009 
    3.58834   0.99996   0.00011 
    3.58842   1.00012   0.00011 
    3.58850   1.00007   0.00009 
    3.58858   1.00003   0.00008 
    3.58866   0.99994   0.00012 
    3.58874   0.99994   0.00010 
    3.58882   1.00010   0.00009 
    3.58890   0.99992   0.00010 
    3.58898   0.99995   0.00012 
    3.58906   1.00011   0.00008 
    3.58914   1.00010   0.00009 
    3.58922   0.99999   0.00011 
    3.58930   1.00008   0.00011 
    3.58938   0.99990   0.00008 
    3.58946   0.99992   0.00008 
    3.58954   0.99970   0.00011 
    3.58962   1.00010   0.00012 
    3.58970   0.99991   0.00009 
    3.58978   0.99994   0.00008 
    3.58986   0.99995   0.00012 
    3.58994   0.99997   0.00008 
    3.59002   0.99995   0.00009 
    3.59010   1.00010   0.00012 
    3.59018   1.00013   0.00008 
    3.59026   0.99987   0.00011 
    3.59034   0.99985   0.00010 
    3.59042   0.99989   0.00012 
    3.59050   0.99991   0.00008 
    3.59058   0.99995   0.00010 
    3.59066   0.99991   0.00008 
    3.59074   1.00002   0.00010 
    3.59082   0.99988   0.00011 
    3.59090   0.99994   0.00010 
    3.59098   1.00005   0.00010 
    3.59106   0.99992   0.00011 
    3.59114   1.00005   0.00012 
    3.59122   0.99985   0.00011 
    3.59130   0.99997   0.00009 
    3.59138   1.00009   0.00009 
    3.59146   1.00004   0.00008 
    3.59154   0.99995   0.00011 
    3.59162   0.99996   0.00010 
    3.59170   1.00006   0.00011 
    3.59178   0.99998   0.00008 
    3.59186   0.99997   0.00011 
    3.59194   1.00012   0.00008 
    3.59202   0.99998   0.00009 
    3.59210   1.00012   0.00008 
    3.59218   0.99992   0.00009 
    3.59226   1.00010   0.00010 
    3.59234   1.00009   0.00008 
    3.59242   1.00001   0.00008 
    3.59251   1.00011   0.00008 
    3.59259   1.00001   0.00011 
    3.59267   0.99985   0.00011 
    3.59275   1.00009   0.00011 
    3.59283   1.00012   0.00011 
    3.59291   0.99987   0.00009 
    3.59299   0.99992   0.00008 
    3.59307   1.00011   0.00011 
    3.59315   0.99994   0.00008 
    3.59323   1.00005   0.00008 
    3.59331   0.99994   0.00011 
    3.59339   1.00015   0.00008 
    3.59347   1.00020   0.00009 
    3.59355   1.00008   0.00010 
    3.59363   1.00004   0.00012 
    3.59371   0.99996   0.00008 
    3.59379   1.00000   0.00009 
    3.59387   1.00009   0.00009 
    3.59395   1.00000   0.00012 
    3.59403   0.99999   0.00011 
    3.59411   1.00007   0.00012 
    3.59419   1.00003   0.00010 
    3.59427   1.00013   0.00011 
    3.59435   1.00014   0.00009 
    3.59443   1.00012   0.00009 
    3.59451   0.99983   0.00009 
    3.59459   0.99981   0.00008 
    3.59467   0.99996   0.00012 
    3.59475   0.99995   0.00012 
    3.59483   1.00000   0.00012 
    3.59491   1.00002   0.00009 
    3.59499   1.00018   0.00012 
    3.59507   0.99986   0.00008 
    3.59515   0.99999   0.00010 
    3.59523   0.99987   0.00008 
    3.59531   1.00012   0.00009 
    3.59539   0.99985   0.00010 
    3.59547   1.00004   0.00012 
    3.59555   0.99989   0.00012 
    3.59563   1.00000   0.00009 
    3.59571   1.00001   0.00008 
    3.59579   0.99986   0.00012 
    3.59587   0.99999   0.00012 
    3.59595   0.99996   0.00010 
    3.59603   0.99999   0.00008 
    3.59611   0.99993   0.00009 
    3.59619   0.99982   0.00010 
    3.59627   1.00014   0.00008 
    3.59635   1.00016   0.00010 
    3.59643   1.00011   0.00009 
    3.59651   1.00012   0.00008 
    3.59659   0.99991   0.00010 
    3.59667   0.99999   0.00008 
    3.59675   0.99996   0.00012 
    3.59683   0.99996   0.00010 
    3.59691   0.99993   0.00008 
    3.59699   0.99985   0.00009 
    3.59707   1.00007   0.00011 
    3.59715   1.00002   0.00008 
    3.59723   0.99994   0.00010 
    3.59731   0.99983   0.00010 
    3.59739   1.00019   0.00008 
    3.59747   0.99997   0.00012 
    3.59756   0.99983   0.00011 
    3.59764   0.99998   0.00008 
    3.59772   1.00014   0.00008 
    3.59780   1.00000   0.00011 
    3.59788   0.99999   0.00008 
    3.59796   1.00013   0.00011 
    3.59804   0.99999   0.00011 
    3.59812   1.00002   0.00011 
    3.59820   1.00012   0.00008 
    3.59828   0.99995   0.00008 
    3.59836   1.00006   0.00009 
    3.59844   0.99981   0.00009 
    3.59852   1.00012   0.00009 
    3.59860   0.99978   0.00010 
    3.59868   0.99999   0.00008 
    3.59876   1.00003   0.00010 
    3.59884   1.00013   0.00011 
    3.59892   1.00002   0.00012 
    3.59900   0.99997   0.00010 
    3.59908   1.00005   0.00012 
    3.59916   0.99983   0.00011 
    3.59924   1.00005   0.00010 
    3.59932   0.99990   0.00011 
    3.59940   1.00012   0.00011 
    3.59948   1.00022   0.00011 
    3.59956   1.00022   0.00011 
    3.59964   0.99998   0.00011 
    3.59972   1.00010   0.00008 
    3.59980   1.00000   0.00009 
    3.59988   1.00009   0.00010 
    3.59996   0.99998   0.00011 
    3.60004   0.99974   0.00010 
    3.60012   0.99996   0.00008 
    3.60020   0.99997   0.00010 
    3.60028   0.99987   0.00008 
    3.60036   0.99989   0.00012 
    3.60044   1.00003   0.00012 
    3.60052   1.00002   0.00011 
    3.60060   1.00002   0.00009 
    3.60068   1.00010   0.00009 
    3.60076   0.99991   0.00009 
    3.60084   1.00011   0.00010 
    3.60092   0.99978   0.00010 
    3.60100   1.00001   0.00009 
    3.60108   0.99989   0.00008 
    3.60116   1.00002   0.00011 
    3.60124   1.00000   0.00011 
    3.60132   1.00002   0.00011 
    3.60140   1.00000   0.00012 
    3.60148   1.00009   0.00009 
    3.60156   0.99986   0.00009 
    3.60164   0.99985   0.00012 
    3.60172   1.00008   0.00010 
    3.60180   0.99986   0.00009 
    3.60188   0.99982   0.00008 
    3.60196   1.00007   0.00012 
    3.60204   0.99997   0.00011 
    3.60212   0.99993   0.00009 
    3.60220   0.99996   0.00012 
    3.60228   1.00014   0.00012 
    3.60236   0.99993   0.00009 
    3.60244   0.99998   0.00008 
    3.60253   1.00008   0.00011 
    3.60261   1.00001   0.00011 
    3.60269   1.00002   0.00008 
    3.60277   1.00001   0.00010 
    3.60285   0.99981   0.00012 
    3.60293   0.99991   0.00009 
    3.60301   0.99996   0.00012 
    3.60309   1.00013   0.00011 
    3.60317   0.99984   0.00009 
    3.60325   0.99991   0.00009 
    3.60333   1.00001   0.00008 
    3.60341   0.99994   0.00009 
    3.60349   1.00008   0.00008 
    3.60357   0.99992   0.00008 
    3.60365   1.00001   0.00011 
    3.60373   1.00006   0.00010 
    3.60381   0.99997   0.00011 
    3.60389   0.99998   0.00010 
    3.60397   1.00030   0.00011 
    3.60405   0.99995   0.00010 
    3.60413   0.99985   0.00011 
    3.60421   1.00005   0.00012 
    3.60429   0.99993   0.00010 
    3.60437   0.99989   0.00011 
    3.60445   1.00008   0.00008 
    3.60453   1.00004   0.00009 
    3.60461   1.00010   0.00010 
    3.60469   1.00003   0.00010 
    3.60477   0.99991   0.00008 
    3.60485   1.00008   0.00011 
    3.60493   1.00014   0.00008 
    3.60501   0.99985   0.00011 
    3.60509   1.00007   0.00008 
    3.60517   1.00004   0.00011 
    3.60525   0.99991   0.00008 
    3.60533   1.00010   0.00009 
    3.60541   1.00009   0.00008 
    3.60549   1.00014   0.00008 
    3.60557   1.00012   0.00010 
    3.60565   0.99984   0.00012 
    3.60573   1.00003   0.00011 
    3.60581   0.99993   0.00011 
    3.60589   0.99993   0.00009 
    3.60597   1.00003   0.00009 
    3.60605   0.99994   0.00009 
    3.60613   1.00003   0.00010 
    3.60621   1.00019   0.00011 
    3.60629   0.99996   0.00012 
    3.60637   1.00012   0.00012 
    3.60645   1.00001   0.00012 
    3.60653   0.99992   0.00010 
    3.60661   1.00005   0.00008 
    3.60669   1.00007   0.00008 
    3.60677   0.99984   0.00011 
    3.60685   1.00007   0.00011 
    3.60693   1.00011   0.00009 
    3.60701   1.00006   0.00009 
    3.60709   0.99998   0.00012 
    3.60717   0.99996   0.00011 
    3.60725   0.99996   0.00008 
    3.60733   0.99988   0.00011 
    3.60741   1.00000   0.00008 
    3.60749   1.00005   0.00009 
    3.60758   0.99988   0.00011 
    3.60766   1.00024   0.00009 
    3.60774   0.99998   0.00008 
    3.60782   1.00006   0.00009 
    3.60790   1.00023   0.00011 
    3.60798   1.00015   0.00011 
    3.60806   0.99989   0.00010 
    3.60814   1.00001   0.00012 
    3.60822   1.00001   0.00009 
    3.60830   0.99993   0.00011 
    3.60838   1.00007   0.00012 
    3.60846   1.00020   0.00009 
    3.60854   0.99995   0.00012 
    3.60862   1.00005   0.00009 
    3.60870   0.99981   0.00010 
    3.60878   1.00010   0.00009 
    3.60886   0.99994   0.00010 
    3.60894   0.99999   0.00011 
    3.60902   0.99989   0.00010 
    3.60910   0.99998   0.00010 
    3.60918   1.00016   0.00012 
    3.60926   1.00010   0.00011 
    3.60934   1.00007   0.00009 
    3.60942   1.00005   0.00012 
    3.60950   0.99999   0.00012 
    3.60958   0.99997   0.00012 
    3.60966   0.99983   0.00008 
    3.60974   0.99997   0.00010 
    3.60982   0.99986   0.00011 
    3.60990   1.00007   0.00009 
    3.60998   0.99983   0.00009 
    3.61006   0.99988   0.00012 
    3.61014   0.99998   0.00012 
    3.61022   1.00013   0.00010 
    3.61030   0.99989   0.00011 
    3.61038   0.99989   0.00011 
    3.61046   1.00011   0.00011 
    3.61054   0.99995   0.00011 
    3.61062   1.00013   0.00009 
    3.61070   0.99982   0.00009 
    3.61078   1.00001   0.00012 
    3.61086   0.99996   0.00009 
    3.61094   0.99994   0.00012 
    3.61102   1.00007   0.00010 
    3.61110   0.99994   0.00011 
    3.61118   0.99993   0.00011 
    3.61126   1.00004   0.00012 
    3.61134   0.99996   0.00008 
    3.61142   0.99986   0.00011 
    3.61150   1.00009   0.00008 
    3.61158   1.00007   0.00012 
    3.61166   0.99999   0.00008 
    3.61174   1.00011   0.00012 
    3.61182   1.00014   0.00010 
    3.61190   1.00011   0.00008 
    3.61198   1.00011   0.00009 
    3.61206   1.00009   0.00011 
    3.61214   0.99997   0.00009 
    3.61222   0.99981   0.00008 
    3.61230   0.99997   0.00008 
    3.61238   1.00008   0.00011 
    3.61246   1.00024   0.00011 
    3.61255   1.00000   0.00011 
    3.61263   0.99995   0.00008 
    3.61271   1.00000   0.00011 
    3.61279   1.00005   0.00012 
    3.61287   1.00010   0.00012 
    3.61295   1.00016   0.00012 
    3.61303   1.00003   0.00010 
    3.61311   1.00009   0.00008 
    3.61319   1.00012   0.00009 
    3.61327   1.00003   0.00011 
    3.61335   0.99996   0.00012 
    3.61343   1.00013   0.00011 
    3.61351   0.99990   0.00012 
    3.61359   0.99993   0.00010 
    3.61367   1.00001   0.00012 
    3.61375   0.99997   0.00011 
    3.61383   0.99990   0.00010 
    3.61391   0.99994   0.00012 
    3.61399   1.00011   0.00008 
    3.61407   0.99995   0.00012 
    3.61415   0.99999   0.00009 
    3.61423   0.99995   0.00009 
    3.61431   0.99984   0.00009 
    3.61439   0.99997   0.00012 
    3.61447   0.99997   0.00010 
    3.61455   1.00006   0.00011 
    3.61463   1.00010   0.00011 
    3.61471   0.99994   0.00008 
    3.61479   0.99989   0.00008 
    3.61487   0.99996   0.00012 
    3.61495   1.00014   0.00012 
    3.61503   0.99992   0.00011 
    3.61511   1.00001   0.00010 
    3.61519   1.00011   0.00011 
    3.61527   1.00001   0.00011 
    3.61535   1.00001   0.00010 
    3.61543   1.00013   0.00010 
    3.61551   0.99998   0.00009 
    3.61559   0.99999   0.00011 
    3.61567   1.00007   0.00012 
    3.61575   0.99999   0.00010 
    3.61583   0.99995   0.00008 
    3.61591   0.99989   0.00012 
    3.61599   0.99998   0.00009 
    3.61607   0.99998   0.00012 
    3.61615   1.00000   0.00012 
    3.61623   1.00002   0.00011 
    3.61631   0.99991   0.00012 
    3.61639   0.99988   0.00010 
    3.61647   0.99994   0.00012 
    3.61655   1.00011   0.00008 
    3.61663   1.00005   0.00009 
    3.61671   1.00009   0.00009 
    3.61679   0.99976   0.00012 
    3.61687   0.99994   0.00009 
    3.61695   0.99996   0.00011 
    3.61703   1.00004   0.00009 
    3.61711   1.00008   0.00010 
    3.61719   0.99986   0.00009 
    3.61727   1.00006   0.00012 
    3.61735   1.00008   0.00012 
    3.61743   0.99994   0.00012 
    3.61752   0.99999   0.00011 
    3.61760   0.99992   0.00009 
    3.61768   1.00005   0.00008 
    3.61776   0.99982   0.00008 
    3.61784   0.99993   0.00010 
    3.61792   0.99998   0.00010 
    3.61800   1.00003   0.00010 
    3.61808   0.99993   0.00012 
    3.61816   1.00003   0.00012 
    3.61824   0.99989   0.00008 
    3.61832   0.99982   0.00011 
    3.61840   1.00003   0.00010 
    3.61848   0.99982   0.00010 
    3.61856   0.99997   0.00008 
    3.61864   0.99995   0.00010 
    3.61872   0.99998   0.00012 
    3.61880   0.99980   0.00008 
    3.61888   0.99999   0.00011 
    3.61896   0.99993   0.00008 
    3.61904   1.00008   0.00008 
    3.61912   0.99999   0.00010 
    3.61920   1.00009   0.00011 
    3.61928   0.99995   0.00010 
    3.61936   0.99995   0.00011 
    3.61944   0.99990   0.00008 
    3.61952   1.00007   0.00011 
    3.61960   1.00006   0.00012 
    3.61968   1.00015   0.00011 
    3.61976   1.00007   0.00011 
    3.61984   0.99995   0.00012 
    3.61992   0.99994   0.00010 
    3.62000   0.99992   0.00012 
    3.65200   0.99370   0.00012 
    3.65210   0.99361   0.00010 
    3.65219   0.99379   0.00012 
    3.65229   0.99363   0.00012 
    3.65238   0.99372   0.00009 
    3.65248   0.99370   0.00011 
    3.65258   0.99383   0.00009 
    3.65267   0.99363   0.00011 
    3.65277   0.99355   0.00009 
    3.65287   0.99373   0.00010 
    3.65296   0.99351   0.00009 
    3.65306   0.99378   0.00012 
    3.65315   0.99362   0.00008 
    3.65325   0.99368   0.00008 
    3.65335   0.99384   0.00008 
    3.65344   0.99366   0.00008 
    3.65354   0.99358   0.00010 
    3.65364   0.99366   0.00011 
    3.65373   0.99356   0.00011 
    3.65383   0.99367   0.00011 
    3.65392   0.99364   0.00011 
    3.65402   0.99370   0.00011 
    3.65412   0.99365   0.00009 
    3.65421   0.99365   0.00011 
    3.65431   0.99357   0.00008 
    3.65440   0.99378   0.00008 
    3.65450   0.99364   0.00011 
    3.65460   0.99366   0.00008 
    3.65469   0.99366   0.00010 
    3.65479   0.99352   0.00008 
    3.65489   0.99376   0.00008 
    3.65498   0.99364   0.00008 
    3.65508   0.99367   0.00012 
    3.65517   0.99354   0.00009 
    3.65527   0.99357   0.00009 
    3.65537   0.99375   0.00011 
    3.65546   0.99348   0.00008 
    3.65556   0.99365   0.00010 
    3.65566   0.99349   0.00010 
    3.65575   0.99360   0.00011 
    3.65585   0.99362   0.00010 
    3.65594   0.99334   0.00011 
    3.65604   0.99361   0.00008 
    3.65614   0.99363   0.00010 
    3.65623   0.99355   0.00010 
    3.65633   0.99339   0.00010 
    3.65642   0.99362   0.00012 
    3.65652   0.99352   0.00011 
    3.65662   0.99362   0.00012 
    3.65671   0.99369   0.00010 
    3.65681   0.99368   0.00012 
    3.65691   0.99347   0.00012 
    3.65700   0.99371   0.00011 
    3.65710   0.99353   0.00012 
    3.65719   0.99370   0.00009 
    3.65729   0.99350   0.00008 
    3.65739   0.99344   0.00010 
    3.65748   0.99341   0.00012 
    3.65758   0.99351   0.00011 
    3.65768   0.99341   0.00008 
    3.65777   0.99327   0.00011 
    3.65787   0.99334   0.00011 
    3.65796   0.99352   0.00010 
    3.65806   0.99356   0.00008 
    3.65816   0.99352   0.00008 
    3.65825   0.99339   0.00009 
    3.65835   0.99346   0.00010 
    3.65844   0.99350   0.00011 
    3.65854   0.99356   0.00012 
    3.65864   0.99330   0.00008 
    3.65873   0.99366   0.00008 
    3.65883   0.99348   0.00009 
    3.65893   0.99365   0.00010 
    3.65902   0.99351   0.00009 
    3.65912   0.99350   0.00010 
    3.65921   0.99331   0.00011 
    3.65931   0.99338   0.00008 
    3.65941   0.99335   0.00009 
    3.65950   0.99350   0.00008 
    3.65960   0.99344   0.00009 
    3.65970   0.99349   0.00009 
    3.65979   0.99353   0.00012 
    3.65989   0.99347   0.00009 
    3.65998   0.99348   0.00009 
    3.66008   0.99322   0.00009 
    3.66018   0.99339   0.00008 
    3.66027   0.99339   0.00008 
    3.66037   0.99326   0.00012 
    3.66046   0.99339   0.00012 
    3.66056   0.99347   0.00010 
    3.66066   0.99355   0.00011 
    3.66075   0.99333   0.00010 
    3.66085   0.99347   0.00008 
    3.66095   0.99357   0.00008 
    3.66104   0.99335   0.00010 
    3.66114   0.99351   0.00009 
    3.66123   0.99329   0.00008 
    3.66133   0.99339   0.00011 
    3.66143   0.99339   0.00008 
    3.66152   0.99332   0.00011 
    3.66162   0.99337   0.00011 
    3.66172   0.99350   0.00011 
    3.66181   0.99336   0.00009 
    3.66191   0.99347   0.00012 
    3.66200   0.99343   0.00010 
    3.66210   0.99353   0.00008 
    3.66220   0.99324   0.00010 
    3.66229   0.99332   0.00012 
    3.66239   0.99337   0.00010 
    3.66248   0.99346   0.00011 
    3.66258   0.99332   0.00008 
    3.66268   0.99325   0.00011 
    3.66277   0.99337   0.00009 
    3.66287   0.99332   0.00009 
    3.66297   0.99340   0.00008 
    3.66306   0.99343   0.00008 
    3.66316   0.99318   0.00009 
    3.66325   0.99329   0.00009 
    3.66335   0.99344   0.00009 
    3.66345   0.99318   0.00011 
    3.66354   0.99340   0.00008 
    3.66364   0.99337   0.00009 
    3.66374   0.99345   0.00010 
    3.66383   0.99336   0.00011 
    3.66393   0.99327   0.00008 
    3.66402   0.99321   0.00011 
    3.66412   0.99324   0.00011 
    3.66422   0.99348   0.00012 
    3.66431   0.99321   0.00011 
    3.66441   0.99324   0.00008 
    3.66451   0.99317   0.00009 
    3.66460   0.99335   0.00008 
    3.66470   0.99340   0.00010 
    3.66479   0.99350   0.00012 
    3.66489   0.99342   0.00011 
    3.66499   0.99335   0.00008 
    3.66508   0.99331   0.00010 
    3.66518   0.99336   0.00011 
    3.66527   0.99338   0.00012 
    3.66537   0.99333   0.00008 
    3.66547   0.99312   0.00012 
    3.66556   0.99340   0.00008 
    3.66566   0.99338   0.00008 
    3.66576   0.99321   0.00008 
    3.66585   0.99341   0.00008 
    3.66595   0.99343   0.00012 
    3.66604   0.99323   0.00011 
    3.66614   0.99327   0.00008 
    3.66624   0.99325   0.00008 
    3.66633   0.99337   0.00008 
    3.66643   0.99345   0.00011 
    3.66653   0.99319   0.00008 
    3.66662   0.99339   0.00012 
    3.66672   0.99325   0.00009 
    3.66681   0.99332   0.00012 
    3.66691   0.99318   0.00009 
    3.66701   0.99337   0.00010 
    3.66710   0.99319   0.00010 
    3.66720   0.99343   0.00011 
    3.66729   0.99330   0.00011 
    3.66739   0.99342   0.00012 
    3.66749   0.99323   0.00008 
    3.66758   0.99335   0.00012 
    3.66768   0.99316   0.00009 
    3.66778   0.99332   0.00012 
    3.66787   0.99318   0.00009 
    3.66797   0.99339   0.00010 
    3.66806   0.99320   0.00008 
    3.66816   0.99313   0.00008 
    3.66826   0.99313   0.00009 
    3.66835   0.99323   0.00008 
    3.66845   0.99311   0.00012 
    3.66855   0.99310   0.00009 
    3.66864   0.99336   0.00011 
    3.66874   0.99341   0.00012 
    3.66883   0.99325   0.00008 
    3.66893   0.99314   0.00009 
    3.66903   0.99344   0.00010 
    3.66912   0.99307   0.00008 
    3.66922   0.99324   0.00010 
    3.66931   0.99356   0.00010 
    3.66941   0.99323   0.00011 
    3.66951   0.99341   0.00009 
    3.66960   0.99312   0.00008 
    3.66970   0.99326   0.00008 
    3.66980   0.99333   0.00009 
    3.66989   0.99331   0.00008 
    3.66999   0.99317   0.00012 
    3.67008   0.99344   0.00010 
    3.67018   0.99337   0.00010 
    3.67028   0.99325   0.00011 
    3.67037   0.99319   0.00011 
    3.67047   0.99328   0.00012 
    3.67057   0.99319   0.00012 
    3.67066   0.99308   0.00008 
    3.67076   0.99322   0.00010 
    3.67085   0.99328   0.00009 
    3.67095   0.99311   0.00011 
    3.67105   0.99344   0.00009 
    3.67114   0.99336   0.00009 
    3.67124   0.99317   0.00009 
    3.67133   0.99320   0.00010 
    3.67143   0.99324   0.00012 
    3.67153   0.99329   0.00008 
    3.67162   0.99335   0.00009 
    3.67172   0.99322   0.00010 
    3.67182   0.99331   0.00010 
    3.67191   0.99321   0.00011 
    3.67201   0.99335   0.00009 
    3.67210   0.99324   0.00011 
    3.67220   0.99317   0.00010 
    3.67230   0.99325   0.00008 
    3.67239   0.99316   0.00012 
    3.67249   0.99324   0.00011 
    3.67259   0.99327   0.00008 
    3.67268   0.99304   0.00011 
    3.67278   0.99316   0.00009 
    3.67287   0.99307   0.00008 
    3.67297   0.99326   0.00010 
    3.67307   0.99322   0.00009 
    3.67316   0.99317   0.00011 
    3.67326   0.99319   0.00009 
    3.67335   0.99316   0.00011 
    3.67345   0.99314   0.00011 
    3.67355   0.99319   0.00009 
    3.67364   0.99325   0.00010 
    3.67374   0.99328   0.00011 
    3.67384   0.99298   0.00012 
    3.67393   0.99334   0.00012 
    3.67403   0.99323   0.00008 
    3.67412   0.99318   0.00011 
    3.67422   0.99319   0.00010 
    3.67432   0.99312   0.00012 
    3.67441   0.99313   0.00011 
    3.67451   0.99336   0.00012 
    3.67461   0.99326   0.00009 
    3.67470   0.99338   0.00008 
    3.67480   0.99319   0.00010 
    3.67489   0.99315   0.00012 
    3.67499   0.99315   0.00012 
    3.67509   0.99328   0.00010 
    3.67518   0.99310   0.00012 
    3.67528   0.99334   0.00008 
    3.67537   0.99330   0.00012 
    3.67547   0.99317   0.00008 
    3.67557   0.99324   0.00009 
    3.67566   0.99327   0.00012 
    3.67576   0.99340   0.00012 
    3.67586   0.99306   0.00012 
    3.67595   0.99315   0.00012 
    3.67605   0.99306   0.00012 
    3.67614   0.99321   0.00012 
    3.67624   0.99305   0.00008 
    3.67634   0.99314   0.00010 
    3.67643   0.99318   0.00011 
    3.67653   0.99318   0.00012 
    3.67663   0.99321   0.00009 
    3.67672   0.99310   0.00011 
    3.67682   0.99316   0.00011 
    3.67691   0.99307   0.00009 
    3.67701   0.99337   0.00010 
    3.67711   0.99331   0.00010 
    3.67720   0.99348   0.00010 
    3.67730   0.99303   0.00009 
    3.67739   0.99317   0.00008 
    3.67749   0.99312   0.00009 
    3.67759   0.99320   0.00009 
    3.67768   0.99322   0.00008 
    3.67778   0.99305   0.00009 
    3.67788   0.99324   0.00008 
    3.67797   0.99308   0.00008 
    3.67807   0.99310   0.00008 
    3.67816   0.99324   0.00011 
    3.67826   0.99325   0.00012 
    3.67836   0.99314   0.00012 
    3.67845   0.99326   0.00010 
    3.67855   0.99333   0.00011 
    3.67865   0.99328   0.00008 
    3.67874   0.99312   0.00010 
    3.67884   0.99311   0.00012 
    3.67893   0.99311   0.00010 
    3.67903   0.99325   0.00009 
    3.67913   0.99324   0.00012 
    3.67922   0.99307   0.00009 
    3.67932   0.99315   0.00008 
    3.67941   0.99303   0.00011 
    3.67951   0.99313   0.00008 
    3.67961   0.99311   0.00009 
    3.67970   0.99319   0.00009 
    3.67980   0.99304   0.00009 
    3.67990   0.99312   0.00010 
    3.67999   0.99317   0.00009 
    3.68009   0.99302   0.00010 
    3.68018   0.99322   0.00011 
    3.68028   0.99314   0.00009 
    3.68038   0.99315   0.00009 
    3.68047   0.99328   0.00008 
    3.68057   0.99311   0.00009 
    3.68067   0.99297   0.00012 
    3.68076   0.99318   0.00008 
    3.68086   0.99321   0.00010 
    3.68095   0.99311   0.00011 
    3.68105   0.99314   0.00010 
    3.68115   0.99300   0.00012 
    3.68124   0.99306   0.00011 
    3.68134   0.99325   0.00012 
    3.68143   0.99300   0.00009 
    3.68153   0.99317   0.00011 
    3.68163   0.99314   0.00012 
    3.68172   0.99323   0.00010 
    3.68182   0.99310   0.00012 
    3.68192   0.99319   0.00011 
    3.68201   0.99302   0.00012 
    3.68211   0.99330   0.00009 
    3.68220   0.99324   0.00008 
    3.68230   0.99314   0.00008 
    3.68240   0.99315   0.00010 
    3.68249   0.99315   0.00008 
    3.68259   0.99314   0.00008 
    3.68269   0.99331   0.00011 
    3.68278   0.99294   0.00009 
    3.68288   0.99302   0.00008 
    3.68297   0.99326   0.00011 
    3.68307   0.99309   0.00008 
    3.68317   0.99310   0.00010 
    3.68326   0.99323   0.00008 
    3.68336   0.99327   0.00009 
    3.68345   0.99311   0.00008 
    3.68355   0.99326   0.00010 
    3.68365   0.99304   0.00009 
    3.68374   0.99317   0.00012 
    3.68384   0.99326   0.00012 
    3.68394   0.99324   0.00011 
    3.68403   0.99299   0.00010 
    3.68413   0.99314   0.00008 
    3.68422   0.99327   0.00011 
    3.68432   0.99302   0.00009 
    3.68442   0.99307   0.00010 
    3.68451   0.99324   0.00011 
    3.68461   0.99326   0.00009 
    3.68471   0.99320   0.00010 
    3.68480   0.99327   0.00012 
    3.68490   0.99307   0.00009 
    3.68499   0.99303   0.00012 
    3.68509   0.99310   0.00012 
    3.68519   0.99309   0.00009 
    3.68528   0.99316   0.00011 
    3.68538   0.99319   0.00010 
    3.68547   0.99315   0.00011 
    3.68557   0.99306   0.00009 
    3.68567   0.99314   0.00008 
    3.68576   0.99327   0.00009 
    3.68586   0.99292   0.00012 
    3.68596   0.99322   0.00011 
    3.68605   0.99313   0.00012 
    3.68615   0.99305   0.00009 
    3.68624   0.99326   0.00012 
    3.68634   0.99300   0.00012 
    3.68644   0.99304   0.00008 
    3.68653   0.99311   0.00009 
    3.68663   0.99324   0.00011 
    3.68673   0.99301   0.00008 
    3.68682   0.99304   0.00011 
    3.68692   0.99309   0.00009 
    3.68701   0.99314   0.00011 
    3.68711   0.99310   0.00008 
    3.68721   0.99313   0.00008 
    3.68730   0.99314   0.00008 
    3.68740   0.99310   0.00012 
    3.68749   0.99324   0.00010 
    3.68759   0.99313   0.00011 
    3.68769   0.99311   0.00010 
    3.68778   0.99309   0.00008 
    3.68788   0.99316   0.00011 
    3.68798   0.99305   0.00009 
    3.68807   0.99339   0.00008 
    3.68817   0.99306   0.00009 
    3.68826   0.99326   0.00012 
    3.68836   0.99304   0.00009 
    3.68846   0.99317   0.00010 
    3.68855   0.99310   0.00010 
    3.68865   0.99284   0.00012 
    3.68875   0.99308   0.00009 
    3.68884   0.99330   0.00010 
    3.68894   0.99303   0.00010 
    3.68903   0.99317   0.00008 
    3.68913   0.99300   0.00008 
    3.68923   0.99301   0.00011 
    3.68932   0.99319   0.00011 
    3.68942   0.99303   0.00008 
    3.68952   0.99298   0.00008 
    3.68961   0.99298   0.00011 
    3.68971   0.99307   0.00008 
    3.68980   0.99309   0.00011 
    3.68990   0.99320   0.00012 
    3.69000   0.99304   0.00011 
    3.69009   0.99304   0.00008 
    3.69019   0.99306   0.00012 
    3.69028   0.99322   0.00010 
    3.69038   0.99303   0.00010 
    3.69048   0.99311   0.00008 
    3.69057   0.99299   0.00012 
    3.69067   0.99302   0.00010 
    3.69077   0.99329   0.00008 
    3.69086   0.99305   0.00008 
    3.69096   0.99288   0.00009 
    3.69105   0.99300   0.00012 
    3.69115   0.99314   0.00009 
    3.69125   0.99315   0.00009 
    3.69134   0.99298   0.00010 
    3.69144   0.99317   0.00012 
    3.69154   0.99326   0.00012 
    3.69163   0.99310   0.00010 
    3.69173   0.99311   0.00010 
    3.69182   0.99298   0.00011 
    3.69192   0.99325   0.00010 
    3.69202   0.99316   0.00010 
    3.69211   0.99316   0.00012 
    3.69221   0.99318   0.00010 
    3.69230   0.99299   0.00008 
    3.69240   0.99311   0.00012 
    3.69250   0.99320   0.00008 
    3.69259   0.99310   0.00012 
    3.69269   0.99310   0.00011 
    3.69279   0.99302   0.00010 
    3.69288   0.99306   0.00012 
    3.69298   0.99288   0.00012 
    3.69307   0.99314   0.00012 
    3.69317   0.99314   0.00009 
    3.69327   0.99319   0.00008 
    3.69336   0.99311   0.00010 
    3.69346   0.99306   0.00011 
    3.69356   0.99292   0.00010 
    3.69365   0.99328   0.00012 
    3.69375   0.99291   0.00009 
    3.69384   0.99307   0.00008 
    3.69394   0.99296   0.00008 
    3.69404   0.99302   0.00012 
    3.69413   0.99316   0.00012 
    3.69423   0.99323   0.00009 
    3.69432   0.99312   0.00008 
    3.69442   0.99304   0.00008 
    3.69452   0.99315   0.00011 
    3.69461   0.99309   0.00009 
    3.69471   0.99306   0.00011 
    3.69481   0.99310   0.00012 
    3.69490   0.99322   0.00012 
    3.69500   0.99317   0.00009 
    3.69509   0.99304   0.00008 
    3.69519   0.99302   0.00008 
    3.69529   0.99317   0.00009 
    3.69538   0.99313   0.00011 
    3.69548   0.99293   0.00011 
    3.69558   0.99295   0.00011 
    3.69567   0.99292   0.00009 
    3.69577   0.99299   0.00010 
    3.69586   0.99321   0.00009 
    3.69596   0.99321   0.00010 
    3.69606   0.99317   0.00009 
    3.69615   0.99313   0.00008 
    3.69625   0.99299   0.00010 
    3.69634   0.99288   0.00009 
    3.69644   0.99310   0.00008 
    3.69654   0.99290   0.00010 
    3.69663   0.99304   0.00011 
    3.69673   0.99297   0.00010 
    3.69683   0.99309   0.00012 
    3.69692   0.99317   0.00008 
    3.69702   0.99308   0.00011 
    3.69711   0.99313   0.00012 
    3.69721   0.99293   0.00008 
    3.69731   0.99305   0.00008 
    3.69740   0.99295   0.00009 
    3.69750   0.99307   0.00012 
    3.69760   0.99298   0.00008 
    3.69769   0.99291   0.00009 
    3.69779   0.99311   0.00008 
    3.69788   0.99301   0.00009 
    3.69798   0.99330   0.00008 
    3.69808   0.99300   0.00011 
    3.69817   0.99312   0.00008 
    3.69827   0.99319   0.00012 
    3.69836   0.99313   0.00009 
    3.69846   0.99321   0.00009 
    3.69856   0.99302   0.00011 
    3.69865   0.99298   0.00008 
    3.69875   0.99306   0.00009 
    3.69885   0.99306   0.00009 
    3.69894   0.99322   0.00008 
    3.69904   0.99300   0.00010 
    3.69913   0.99304   0.00009 
    3.69923   0.99314   0.00009 
    3.69933   0.99310   0.00010 
    3.69942   0.99291   0.00012 
    3.69952   0.99283   0.00010 
    3.69962   0.99303   0.00011 
    3.69971   0.99290   0.00011 
    3.69981   0.99296   0.00008 
    3.69990   0.99313   0.00011 
    3.70000   0.99308   0.00008 
    3.78000   0.99338   0.00009 
    3.78005   0.99346   0.00009 
    3.78010   0.99347   0.00012 
    3.78014   0.99345   0.00010 
    3.78019   0.99346   0.00012 
    3.78024   0.99331   0.00011 
    3.78029   0.99349   0.00012 
    3.78034   0.99338   0.00012 
    3.78038   0.99354   0.00011 
    3.78043   0.99350   0.00009 
    3.78048   0.99346   0.00012 
    3.78053   0.99342   0.00008 
    3.78058   0.99363   0.00012 
    3.78063   0.99360   0.00012 
    3.78067   0.99332   0.00012 
    3.78072   0.99353   0.00008 
    3.78077   0.99351   0.00011 
    3.78082   0.99369   0.00010 
    3.78087   0.99345   0.00009 
    3.78091   0.99349   0.00012 
    3.78096   0.99342   0.00008 
    3.78101   0.99357   0.00009 
    3.78106   0.99348   0.00012 
    3.78111   0.99345   0.00009 
    3.78115   0.99351   0.00012 
    3.78120   0.99341   0.00009 
    3.78125   0.99345   0.00010 
    3.78130   0.99346   0.00008 
    3.78135   0.99355   0.00012 
    3.78139   0.99349   0.00012 
    3.78144   0.99358   0.00010 
    3.78149   0.99368   0.00010 
    3.78154   0.99361   0.00012 
    3.78159   0.99350   0.00009 
    3.78164   0.99363   0.00012 
    3.78168   0.99345   0.00009 
    3.78173   0.99364   0.00009 
    3.78178   0.99340   0.00012 
    3.78183   0.99349   0.00008 
    3.78188   0.99364   0.00010 
    3.78192   0.99343   0.00008 
    3.78197   0.99341   0.00010 
    3.78202   0.99359   0.00008 
    3.78207   0.99355   0.00010 
    3.78212   0.99347   0.00008 
    3.78216   0.99356   0.00008 
    3.78221   0.99345   0.00009 
    3.78226   0.99347   0.00009 
    3.78231   0.99366   0.00009 
    3.78236   0.99354   0.00010 
    3.78240   0.99343   0.00010 
    3.78245   0.99362   0.00010 
    3.78250   0.99355   0.00011 
    3.78255   0.99344   0.00011 
    3.78260   0.99366   0.00010 
    3.78265   0.99356   0.00008 
    3.78269   0.99360   0.00008 
    3.78274   0.99356   0.00011 
    3.78279   0.99360   0.00010 
    3.78284   0.99353   0.00008 
    3.78289   0.99364   0.00011 
    3.78293   0.99359   0.00010 
    3.78298   0.99360   0.00010 
    3.78303   0.99356   0.00009 
    3.78308   0.99353   0.00011 
    3.78313   0.99352   0.00012 
    3.78317   0.99363   0.00012 
    3.78322   0.99344   0.00011 
    3.78327   0.99352   0.00011 
    3.78332   0.99365   0.00009 
    3.78337   0.99357   0.00011 
    3.78341   0.99354   0.00009 
    3.78346   0.99353   0.00008 
    3.78351   0.99361   0.00010 
    3.78356   0.99347   0.00011 
    3.78361   0.99350   0.00010 
    3.78366   0.99352   0.00012 
    3.78370   0.99372   0.00008 
    3.78375   0.99354   0.00012 
    3.78380   0.99344   0.00010 
    3.78385   0.99386   0.00008 
    3.78390   0.99356   0.00010 
    3.78394   0.99353   0.00008 
    3.78399   0.99356   0.00011 
    3.78404   0.99350   0.00010 
    3.78409   0.99353   0.00009 
    3.78414   0.99362   0.00010 
    3.78418   0.99377   0.00008 
    3.78423   0.99358   0.00012 
    3.78428   0.99375   0.00010 
    3.78433   0.99351   0.00011 
    3.78438   0.99356   0.00008 
    3.78442   0.99360   0.00010 
    3.78447   0.99360   0.00012 
    3.78452   0.99366   0.00010 
    3.78457   0.99369   0.00009 
    3.78462   0.99360   0.00009 
    3.78467   0.99342   0.00008 
    3.78471   0.99348   0.00010 
    3.78476   0.99350   0.00008 
    3.78481   0.99360   0.00011 
    3.78486   0.99362   0.00008 
    3.78491   0.99362   0.00011 
    3.78495   0.99346   0.00008 
    3.78500   0.99357   0.00008 
    3.78505   0.99361   0.00011 
    3.78510   0.99387   0.00009 
    3.78515   0.99353   0.00010 
    3.78519   0.99361   0.00012 
    3.78524   0.99353   0.00010 
    3.78529   0.99353   0.00008 
    3.78534   0.99369   0.00008 
    3.78539   0.99378   0.00008 
    3.78543   0.99357   0.00011 
    3.78548   0.99369   0.00008 
    3.78553   0.99363   0.00008 
    3.78558   0.99388   0.00008 
    3.78563   0.99367   0.00009 
    3.78568   0.99346   0.00010 
    3.78572   0.99353   0.00011 
    3.78577   0.99361   0.00009 
    3.78582   0.99365   0.00010 
    3.78587   0.99354   0.00011 
    3.78592   0.99372   0.00008 
    3.78596   0.99362   0.00008 
    3.78601   0.99377   0.00012 
    3.78606   0.99338   0.00008 
    3.78611   0.99385   0.00009 
    3.78616   0.99351   0.00008 
    3.78620   0.99362   0.00011 
    3.78625   0.99361   0.00010 
    3.78630   0.99363   0.00009 
    3.78635   0.99357   0.00012 
    3.78640   0.99363   0.00011 
    3.78644   0.99358   0.00012 
    3.78649   0.99371   0.00009 
    3.78654   0.99367   0.00012 
    3.78659   0.99362   0.00011 
    3.78664   0.99352   0.00009 
    3.78669   0.99359   0.00012 
    3.78673   0.99375   0.00010 
    3.78678   0.99371   0.00010 
    3.78683   0.99371   0.00011 
    3.78688   0.99380   0.00012 
    3.78693   0.99341   0.00011 
    3.78697   0.99381   0.00011 
    3.78702   0.99365   0.00011 
    3.78707   0.99376   0.00010 
    3.78712   0.99372   0.00010 
    3.78717   0.99364   0.00008 
    3.78721   0.99354   0.00012 
    3.78726   0.99353   0.00011 
    3.78731   0.99369   0.00008 
    3.78736   0.99351   0.00011 
    3.78741   0.99373   0.00011 
    3.78745   0.99369   0.00008 
    3.78750   0.99354   0.00010 
    3.78755   0.99368   0.00010 
    3.78760   0.99366   0.00009 
    3.78765   0.99369   0.00012 
    3.78770   0.99355   0.00008 
    3.78774   0.99366   0.00008 
    3.78779   0.99370   0.00008 
    3.78784   0.99365   0.00008 
    3.78789   0.99348   0.00011 
    3.78794   0.99378   0.00010 
    3.78798   0.99367   0.00012 
    3.78803   0.99382   0.00012 
    3.78808   0.99369   0.00011 
    3.78813   0.99367   0.00011 
    3.78818   0.99369   0.00008 
    3.78822   0.99375   0.00008 
    3.78827   0.99367   0.00009 
    3.78832   0.99384   0.00011 
    3.78837   0.99379   0.00009 
    3.78842   0.99373   0.00010 
    3.78846   0.99376   0.00012 
    3.78851   0.99376   0.00009 
    3.78856   0.99361   0.00008 
    3.78861   0.99358   0.00010 
    3.78866   0.99374   0.00010 
    3.78871   0.99373   0.00009 
    3.78875   0.99370   0.00009 
    3.78880   0.99375   0.00008 
    3.78885   0.99380   0.00012 
    3.78890   0.99364   0.00009 
    3.78895   0.99387   0.00008 
    3.78899   0.99364   0.00008 
    3.78904   0.99392   0.00012 
    3.78909   0.99378   0.00011 
    3.78914   0.99372   0.00010 
    3.78919   0.99401   0.00009 
    3.78923   0.99376   0.00008 
    3.78928   0.99384   0.00010 
    3.78933   0.99351   0.00008 
    3.78938   0.99384   0.00010 
    3.78943   0.99381   0.00012 
    3.78947   0.99378   0.00008 
    3.78952   0.99369   0.00009 
    3.78957   0.99392   0.00010 
    3.78962   0.99368   0.00010 
    3.78967   0.99376   0.00012 
    3.78972   0.99378   0.00010 
    3.78976   0.99375   0.00010 
    3.78981   0.99370   0.00010 
    3.78986   0.99380   0.00008 
    3.78991   0.99375   0.00012 
    3.78996   0.99370   0.00009 
    3.79000   0.99378   0.00011 
    3.79005   0.99378   0.00009 
    3.79010   0.99390   0.00011 
    3.79015   0.99378   0.00010 
    3.79020   0.99378   0.00009 
    3.79024   0.99382   0.00010 
    3.79029   0.99396   0.00008 
    3.79034   0.99388   0.00010 
    3.79039   0.99358   0.00008 
    3.79044   0.99374   0.00010 
    3.79048   0.99386   0.00012 
    3.79053   0.99365   0.00008 
    3.79058   0.99399   0.00011 
    3.79063   0.99375   0.00010 
    3.79068   0.99391   0.00009 
    3.79073   0.99379   0.00012 
    3.79077   0.99370   0.00010 
    3.79082   0.99391   0.00010 
    3.79087   0.99403   0.00008 
    3.79092   0.99386   0.00011 
    3.79097   0.99378   0.00009 
    3.79101   0.99384   0.00010 
    3.79106   0.99383   0.00010 
    3.79111   0.99376   0.00011 
    3.79116   0.99388   0.00012 
    3.79121   0.99384   0.00009 
    3.79125   0.99390   0.00008 
    3.79130   0.99394   0.00009 
    3.79135   0.99386   0.00009 
    3.79140   0.99394   0.00011 
    3.79145   0.99397   0.00009 
    3.79149   0.99373   0.00011 
    3.79154   0.99382   0.00011 
    3.79159   0.99390   0.00012 
    3.79164   0.99382   0.00010 
    3.79169   0.99390   0.00008 
    3.79174   0.99373   0.00012 
    3.79178   0.99384   0.00008 
    3.79183   0.99394   0.00008 
    3.79188   0.99402   0.00012 
    3.79193   0.99401   0.00009 
    3.79198   0.99379   0.00012 
    3.79202   0.99421   0.00011 
    3.79207   0.99395   0.00010 
    3.79212   0.99407   0.00011 
    3.79217   0.99389   0.00010 
    3.79222   0.99391   0.00008 
    3.79226   0.99401   0.00009 
    3.79231   0.99399   0.00010 
    3.79236   0.99409   0.00009 
    3.79241   0.99376   0.00011 
    3.79246   0.99407   0.00012 
    3.79251   0.99380   0.00010 
    3.79255   0.99402   0.00008 
    3.79260   0.99390   0.00010 
    3.79265   0.99393   0.00009 
    3.79270   0.99398   0.00008 
    3.79275   0.99391   0.00012 
    3.79279   0.99405   0.00012 
    3.79284   0.99395   0.00011 
    3.79289   0.99405   0.00009 
    3.79294   0.99405   0.00008 
    3.79299   0.99388   0.00012 
    3.79303   0.99413   0.00010 
    3.79308   0.99396   0.00008 
    3.79313   0.99415   0.00008 
    3.79318   0.99407   0.00009 
    3.79323   0.99384   0.00010 
    3.79327   0.99403   0.00011 
    3.79332   0.99378   0.00009 
    3.79337   0.99399   0.00008 
    3.79342   0.99407   0.00012 
    3.79347   0.99407   0.00011 
    3.79352   0.99410   0.00011 
    3.79356   0.99410   0.00008 
    3.79361   0.99392   0.00010 
    3.79366   0.99398   0.00008 
    3.79371   0.99415   0.00011 
    3.79376   0.99418   0.00011 
    3.79380   0.99395   0.00012 
    3.79385   0.99413   0.00008 
    3.79390   0.99411   0.00011 
    3.79395   0.99415   0.00011 
    3.79400   0.99394   0.00011 
    3.79404   0.99398   0.00011 
    3.79409   0.99403   0.00009 
    3.79414   0.99421   0.00009 
    3.79419   0.99385   0.00010 
    3.79424   0.99417   0.00012 
    3.79428   0.99422   0.00012 
    3.79433   0.99414   0.00012 
    3.79438   0.99400   0.00009 
    3.79443   0.99418   0.00011 
    3.79448   0.99400   0.00012 
    3.79453   0.99412   0.00011 
    3.79457   0.99426   0.00008 
    3.79462   0.99405   0.00010 
    3.79467   0.99401   0.00010 
    3.79472   0.99401   0.00012 
    3.79477   0.99404   0.00009 
    3.79481   0.99403   0.00012 
    3.79486   0.99417   0.00009 
    3.79491   0.99389   0.00011 
    3.79496   0.99417   0.00012 
    3.79501   0.99398   0.00011 
    3.79505   0.99419   0.00012 
    3.79510   0.99406   0.00010 
    3.79515   0.99412   0.00011 
    3.79520   0.99428   0.00009 
    3.79525   0.99412   0.00012 
    3.79529   0.99413   0.00010 
    3.79534   0.99420   0.00009 
    3.79539   0.99410   0.00011 
    3.79544   0.99427   0.00012 
    3.79549   0.99430   0.00008 
    3.79554   0.99402   0.00011 
    3.79558   0.99423   0.00010 
    3.79563   0.99430   0.00012 
    3.79568   0.99427   0.00012 
    3.79573   0.99427   0.00010 
    3.79578   0.99417   0.00010 
    3.79582   0.99428   0.00010 
    3.79587   0.99438   0.00010 
    3.79592   0.99442   0.00010 
    3.79597   0.99419   0.00011 
    3.79602   0.99428   0.00011 
    3.79606   0.99422   0.00011 
    3.79611   0.99415   0.00012 
    3.79616   0.99447   0.00008 
    3.79621   0.99410   0.00010 
    3.79626   0.99408   0.00011 
    3.79630   0.99425   0.00008 
    3.79635   0.99427   0.00012 
    3.79640   0.99416   0.00009 
    3.79645   0.99422   0.00009 
    3.79650   0.99421   0.00008 
    3.79655   0.99422   0.00011 
    3.79659   0.99429   0.00010 
    3.79664   0.99443   0.00012 
    3.79669   0.99421   0.00012 
    3.79674   0.99416   0.00008 
    3.79679   0.99441   0.00011 
    3.79683   0.99441   0.00012 
    3.79688   0.99425   0.00009 
    3.79693   0.99433   0.00012 
    3.79698   0.99429   0.00008 
    3.79703   0.99436   0.00009 
    3.79707   0.99438   0.00012 
    3.79712   0.99439   0.00011 
    3.79717   0.99428   0.00011 
    3.79722   0.99458   0.00012 
    3.79727   0.99439   0.00008 
    3.79731   0.99438   0.00011 
    3.79736   0.99428   0.00009 
    3.79741   0.99438   0.00010 
    3.79746   0.99458   0.00010 
    3.79751   0.99460   0.00012 
    3.79756   0.99448   0.00009 
    3.79760   0.99448   0.00009 
    3.79765   0.99464   0.00012 
    3.79770   0.99462   0.00012 
    3.79775   0.99463   0.00010 
    3.79780   0.99459   0.00011 
    3.79784   0.99445   0.00012 
    3.79789   0.99455   0.00010 
    3.79794   0.99471   0.00011 
    3.79799   0.99468   0.00011 
    3.79804   0.99474   0.00008 
    3.79808   0.99453   0.00012 
    3.79813   0.99477   0.00011 
    3.79818   0.99462   0.00008 
    3.79823   0.99476   0.00010 
    3.79828   0.99479   0.00011 
    3.79832   0.99482   0.00008 
    3.79837   0.99481   0.00011 
    3.79842   0.99483   0.00010 
    3.79847   0.99492   0.00009 
    3.79852   0.99479   0.00012 
    3.79857   0.99503   0.00011 
    3.79861   0.99498   0.00010 
    3.79866   0.99514   0.00009 
    3.79871   0.99473   0.00009 
    3.79876   0.99498   0.00012 
    3.79881   0.99487   0.00012 
    3.79885   0.99513   0.00009 
    3.79890   0.99492   0.00010 
    3.79895   0.99499   0.00008 
    3.79900   0.99500   0.00011 
    3.79905   0.99506   0.00008 
    3.79909   0.99499   0.00009 
    3.79914   0.99514   0.00011 
    3.79919   0.99516   0.00008 
    3.79924   0.99507   0.00011 
    3.79929   0.99502   0.00011 
    3.79933   0.99494   0.00011 
    3.79938   0.99519   0.00009 
    3.79943   0.99525   0.00010 
    3.79948   0.99521   0.00009 
    3.79953   0.99520   0.00012 
    3.79958   0.99523   0.00012 
    3.79962   0.99534   0.00008 
    3.79967   0.99540   0.00009 
    3.79972   0.99545   0.00011 
    3.79977   0.99545   0.00010 
    3.79982   0.99545   0.00012 
    3.79986   0.99552   0.00009 
    3.79991   0.99550   0.00008 
    3.79996   0.99538   0.00010 
    3.80001   0.99549   0.00008 
    3.80006   0.99541   0.00011 
    3.80010   0.99551   0.00011 
    3.80015   0.99581   0.00008 
    3.80020   0.99557   0.00009 
    3.80025   0.99568   0.00010 
    3.80030   0.99548   0.00011 
    3.80034   0.99575   0.00011 
    3.80039   0.99576   0.00012 
    3.80044   0.99573   0.00011 
    3.80049   0.99572   0.00012 
    3.80054   0.99575   0.00011 
    3.80059   0.99589   0.00012 
    3.80063   0.99588   0.00012 
    3.80068   0.99602   0.00011 
    3.80073   0.99593   0.00009 
    3.80078   0.99598   0.00011 
    3.80083   0.99602   0.00010 
    3.80087   0.99580   0.00011 
    3.80092   0.99598   0.00012 
    3.80097   0.99599   0.00012 
    3.80102   0.99613   0.00012 
    3.80107   0.99595   0.00012 
    3.80111   0.99614   0.00011 
    3.80116   0.99601   0.00009 
    3.80121   0.99628   0.00012 
    3.80126   0.99613   0.00009 
    3.80131   0.99617   0.00012 
    3.80135   0.99620   0.00008 
    3.80140   0.99633   0.00012 
    3.80145   0.99623   0.00010 
    3.80150   0.99634   0.00009 
    3.80155   0.99634   0.00010 
    3.80160   0.99652   0.00011 
    3.80164   0.99624   0.00010 
    3.80169   0.99630   0.00011 
    3.80174   0.99639   0.00008 
    3.80179   0.99646   0.00008 
    3.80184   0.99658   0.00011 
    3.80188   0.99645   0.00012 
    3.80193   0.99640   0.00011 
    3.80198   0.99665   0.00011 
    3.80203   0.99649   0.00008 
    3.80208   0.99642   0.00009 
    3.80212   0.99666   0.00012 
    3.80217   0.99649   0.00009 
    3.80222   0.99694   0.00008 
    3.80227   0.99669   0.00012 
    3.80232   0.99660   0.00012 
    3.80236   0.99655   0.00011 
    3.80241   0.99674   0.00010 
    3.80246   0.99673   0.00011 
    3.80251   0.99679   0.00008 
    3.80256   0.99680   0.00011 
    3.80261   0.99689   0.00011 
    3.80265   0.99685   0.00012 
    3.80270   0.99685   0.00010 
    3.80275   0.99678   0.00010 
    3.80280   0.99700   0.00010 
    3.80285   0.99707   0.00011 
    3.80289   0.99702   0.00009 
    3.80294   0.99701   0.00011 
    3.80299   0.99711   0.00010 
    3.80304   0.99698   0.00012 
    3.80309   0.99696   0.00010 
    3.80313   0.99721   0.00010 
    3.80318   0.99713   0.00008 
    3.80323   0.99731   0.00010 
    3.80328   0.99705   0.00011 
    3.80333   0.99709   0.00012 
    3.80337   0.99741   0.00012 
    3.80342   0.99734   0.00008 
    3.80347   0.99738   0.00008 
    3.80352   0.99744   0.00009 
    3.80357   0.99729   0.00012 
    3.80362   0.99755   0.00012 
    3.80366   0.99763   0.00011 
    3.80371   0.99747   0.00012 
    3.80376   0.99760   0.00011 
    3.80381   0.99756   0.00012 
    3.80386   0.99741   0.00011 
    3.80390   0.99757   0.00009 
    3.80395   0.99760   0.00008 
    3.80400   0.99754   0.00009 
    3.84000   0.99986   0.00009 
    3.84008   1.00013   0.00012 
    3.84016   0.99998   0.00009 
    3.84024   1.00003   0.00008 
    3.84032   0.99993   0.00008 
    3.84040   1.00002   0.00011 
    3.84048   0.99995   0.00011 
    3.84056   1.00001   0.00011 
    3.84064   0.99998   0.00012 
    3.84072   0.99984   0.00008 
    3.84080   1.00006   0.00011 
    3.84088   1.00004   0.00012 
    3.84096   1.00000   0.00009 
    3.84104   0.99992   0.00011 
    3.84112   0.99999   0.00011 
    3.84120   1.00008   0.00012 
    3.84128   1.00001   0.00010 
    3.84136   1.00006   0.00008 
    3.84144   1.00038   0.00012 
    3.84152   0.99990   0.00011 
    3.84160   1.00003   0.00009 
    3.84168   1.00009   0.00009 
    3.84176   1.00008   0.00009 
    3.84184   1.00011   0.00012 
    3.84192   0.99988   0.00010 
    3.84200   0.99991   0.00011 
    3.84208   1.00009   0.00011 
    3.84216   0.99994   0.00012 
    3.84224   0.99998   0.00008 
    3.84232   1.00002   0.00012 
    3.84240   1.00012   0.00008 
    3.84248   0.99991   0.00012 
    3.84257   0.99998   0.00012 
    3.84265   0.99985   0.00008 
    3.84273   1.00018   0.00012 
    3.84281   0.99998   0.00009 
    3.84289   1.00003   0.00012 
    3.84297   1.00016   0.00008 
    3.84305   0.99989   0.00011 
    3.84313   1.00005   0.00012 
    3.84321   1.00008   0.00008 
    3.84329   0.99970   0.00012 
    3.84337   0.99988   0.00008 
    3.84345   1.00018   0.00012 
    3.84353   0.99999   0.00009 
    3.84361   0.99996   0.00011 
    3.84369   0.99999   0.00009 
    3.84377   1.00006   0.00010 
    3.84385   0.99991   0.00011 
    3.84393   0.99996   0.00011 
    3.84401   1.00009   0.00010 
    3.84409   1.00003   0.00010 
    3.84417   1.00003   0.00010 
    3.84425   1.00009   0.00008 
    3.84433   1.00004   0.00009 
    3.84441   0.99992   0.00009 
    3.84449   0.99995   0.00009 
    3.84457   1.00000   0.00012 
    3.84465   0.99991   0.00009 
    3.84473   0.99987   0.00010 
    3.84481   1.00003   0.00010 
    3.84489   1.00012   0.00009 
    3.84497   1.00002   0.00011 
    3.84505   1.00008   0.00008 
    3.84513   1.00000   0.00011 
    3.84521   0.99990   0.00011 
    3.84529   0.99988   0.00011 
    3.84537   1.00001   0.00010 
    3.84545   0.99993   0.00012 
    3.84553   1.00008   0.00010 
    3.84561   0.99990   0.00010 
    3.84569   1.00006   0.00008 
    3.84577   0.99998   0.00012 
    3.84585   0.99999   0.00008 
    3.84593   1.00009   0.00011 
    3.84601   0.99985   0.00010 
    3.84609   0.99997   0.00009 
    3.84617   0.99995   0.00011 
    3.84625   1.00011   0.00010 
    3.84633   1.00009   0.00012 
    3.84641   0.99994   0.00012 
    3.84649   1.00000   0.00011 
    3.84657   1.00002   0.00010 
    3.84665   0.99989   0.00011 
    3.84673   1.00015   0.00010 
    3.84681   0.99991   0.00008 
    3.84689   1.00015   0.00009 
    3.84697   0.99982   0.00012 
    3.84705   0.99993   0.00008 
    3.84713   0.99998   0.00012 
    3.84721   1.00009   0.00009 
    3.84729   0.99992   0.00012 
    3.84737   1.00004   0.00010 
    3.84745   1.00012   0.00010 
    3.84754   0.99986   0.00010 
    3.84762   1.00004   0.00010 
    3.84770   1.00018   0.00011 
    3.84778   0.99996   0.00008 
    3.84786   0.99987   0.00008 
    3.84794   0.99992   0.00012 
    3.84802   1.00000   0.00012 
    3.84810   0.99997   0.00008 
    3.84818   0.99993   0.00008 
    3.84826   0.99994   0.00008 
    3.84834   1.00013   0.00010 
    3.84842   1.00005   0.00011 
    3.84850   0.99996   0.00011 
    3.84858   1.00019   0.00012 
    3.84866   0.99994   0.00011 
    3.84874   0.99997   0.00012 
    3.84882   1.00003   0.00008 
    3.84890   1.00013   0.00011 
    3.84898   1.00002   0.00011 
    3.84906   0.99993   0.00012 
    3.84914   1.00004   0.00010 
    3.84922   1.00004   0.00012 
    3.84930   1.00001   0.00011 
    3.84938   0.99992   0.00009 
    3.84946   1.00033   0.00009 
    3.84954   0.99988   0.00008 
    3.84962   0.99993   0.00010 
    3.84970   0.99995   0.00010 
    3.84978   1.00002   0.00009 
    3.84986   1.00005   0.00011 
    3.84994   0.99999   0.00010 
    3.85002   0.99998   0.00008 
    3.85010   0.99976   0.00012 
    3.85018   1.00019   0.00010 
    3.85026   1.00019   0.00011 
    3.85034   1.00005   0.00010 
    3.85042   1.00007   0.00010 
    3.85050   1.00014   0.00008 
    3.85058   0.99999   0.00012 
    3.85066   1.00006   0.00012 
    3.85074   1.00004   0.00008 
    3.85082   0.99999   0.00011 
    3.85090   0.99974   0.00010 
    3.85098   0.99989   0.00009 
    3.85106   1.00003   0.00012 
    3.85114   1.00002   0.00008 
    3.85122   1.00000   0.00010 
    3.85130   0.99997   0.00010 
    3.85138   0.99975   0.00008 
    3.85146   0.99999   0.00010 
    3.85154   0.99995   0.00008 
    3.85162   1.00010   0.00009 
    3.85170   1.00010   0.00011 
    3.85178   1.00005   0.00011 
    3.85186   0.99993   0.00010 
    3.85194   0.99986   0.00009 
    3.85202   0.99997   0.00009 
    3.85210   1.00000   0.00009 
    3.85218   1.00011   0.00009 
    3.85226   0.99985   0.00008 
    3.85234   1.00003   0.00009 
    3.85242   1.00003   0.00009 
    3.85251   1.00000   0.00008 
    3.85259   1.00015   0.00010 
    3.85267   1.00014   0.00010 
    3.85275   1.00005   0.00008 
    3.85283   1.00008   0.00010 
    3.85291   1.00012   0.00009 
    3.85299   0.99992   0.00010 
    3.85307   0.99999   0.00012 
    3.85315   1.00006   0.00011 
    3.85323   1.00008   0.00009 
    3.85331   1.00008   0.00012 
    3.85339   1.00008   0.00010 
    3.85347   1.00005   0.00012 
    3.85355   1.00000   0.00009 
    3.85363   0.99994   0.00010 
    3.85371   1.00008   0.00012 
    3.85379   0.99980   0.00012 
    3.85387   1.00004   0.00011 
    3.85395   0.99998   0.00009 
    3.85403   1.00003   0.00008 
    3.85411   0.99984   0.00009 
    3.85419   1.00010   0.00010 
    3.85427   0.99997   0.00012 
    3.85435   0.99996   0.00009 
    3.85443   0.99988   0.00012 
    3.85451   0.99988   0.00009 
    3.85459   1.00019   0.00009 
    3.85467   1.00001   0.00009 
    3.85475   1.00009   0.00011 
    3.85483   0.99993   0.00010 
    3.85491   1.00001   0.00011 
    3.85499   0.99993   0.00009 
    3.85507   1.00001   0.00010 
    3.85515   1.00011   0.00011 
    3.85523   0.99996   0.00010 
    3.85531   0.99997   0.00010 
    3.85539   0.99999   0.00008 
    3.85547   1.00002   0.00012 
    3.85555   0.99993   0.00010 
    3.85563   0.99991   0.00011 
    3.85571   0.99990   0.00008 
    3.85579   1.00004   0.00012 
    3.85587   1.00001   0.00011 
    3.85595   0.99995   0.00012 
    3.85603   1.00005   0.00009 
    3.85611   1.00018   0.00012 
    3.85619   1.00001   0.00011 
    3.85627   1.00006   0.00012 
    3.85635   1.00012   0.00012 
    3.85643   1.00018   0.00008 
    3.85651   0.99987   0.00010 
    3.85659   1.00001   0.00008 
    3.85667   0.99996   0.00009 
    3.85675   1.00000   0.00009 
    3.85683   1.00003   0.00009 
    3.85691   1.00015   0.00011 
    3.85699   0.99992   0.00011 
    3.85707   1.00008   0.00008 
    3.85715   1.00011   0.00008 
    3.85723   1.00009   0.00010 
    3.85731   0.99991   0.00009 
    3.85739   1.00001   0.00012 
    3.85747   1.00002   0.00011 
    3.85756   1.00008   0.00012 
    3.85764   0.99975   0.00011 
    3.85772   0.99996   0.00011 
    3.85780   0.99995   0.00010 
    3.85788   0.99997   0.00008 
    3.85796   1.00003   0.00012 
    3.85804   1.00005   0.00008 
    3.85812   1.00003   0.00012 
    3.85820   0.99998   0.00008 
    3.85828   1.00012   0.00012 
    3.85836   1.00019   0.00008 
    3.85844   1.00010   0.00012 
    3.85852   0.99999   0.00008 
    3.85860   1.00001   0.00009 
    3.85868   0.99997   0.00011 
    3.85876   1.00001   0.00011 
    3.85884   1.00004   0.00010 
    3.85892   0.99995   0.00010 
    3.85900   0.99993   0.00012 
    3.85908   1.00022   0.00008 
    3.85916   1.00002   0.00011 
    3.85924   1.00003   0.00012 
    3.85932   0.99985   0.00009 
    3.85940   0.99980   0.00012 
    3.85948   1.00003   0.00011 
    3.85956   0.99989   0.00010 
    3.85964   1.00007   0.00009 
    3.85972   1.00008   0.00009 
    3.85980   0.99994   0.00012 
    3.85988   1.00006   0.00009 
    3.85996   0.99998   0.00008 
    3.86004   1.00015   0.00012 
    3.86012   1.00006   0.00011 
    3.86020   0.99986   0.00012 
    3.86028   1.00018   0.00010 
    3.86036   0.99998   0.00009 
    3.86044   1.00017   0.00012 
    3.86052   1.00005   0.00011 
    3.86060   0.99977   0.00010 
    3.86068   1.00007   0.00011 
    3.86076   1.00006   0.00009 
    3.86084   1.00006   0.00009 
    3.86092   0.99993   0.00011 
    3.86100   1.00008   0.00008 
    3.86108   1.00011   0.00008 
    3.86116   1.00002   0.00011 
    3.86124   0.99998   0.00008 
    3.86132   1.00000   0.00009 
    3.86140   1.00003   0.00012 
    3.86148   1.00002   0.00010 
    3.86156   1.00000   0.00012 
    3.86164   0.99988   0.00010 
    3.86172   0.99996   0.00011 
    3.86180   1.00000   0.00011 
    3.86188   0.99982   0.00012 
    3.86196   0.99995   0.00009 
    3.86204   1.00007   0.00010 
    3.86212   1.00006   0.00010 
    3.86220   0.99997   0.00010 
    3.86228   1.00001   0.00010 
    3.86236   1.00011   0.00009 
    3.86244   1.00003   0.00009 
    3.86253   1.00010   0.00008 
    3.86261   1.00000   0.00010 
    3.86269   1.00000   0.00008 
    3.86277   0.99992   0.00010 
    3.86285   1.00009   0.00012 
    3.86293   1.00003   0.00010 
    3.86301   1.00020   0.00008 
    3.86309   0.99995   0.00008 
    3.86317   1.00010   0.00008 
    3.86325   0.99994   0.00010 
    3.86333   0.99994   0.00010 
    3.86341   1.00001   0.00009 
    3.86349   0.99998   0.00010 
    3.86357   0.99999   0.00010 
    3.86365   1.00013   0.00011 
    3.86373   1.00020   0.00008 
    3.86381   1.00010   0.00011 
    3.86389   1.00000   0.00008 
    3.86397   1.00008   0.00011 
    3.86405   1.00000   0.00008 
    3.86413   0.99997   0.00009 
    3.86421   1.00009   0.00010 
    3.86429   1.00003   0.00008 
    3.86437   1.00014   0.00011 
    3.86445   1.00004   0.00010 
    3.86453   0.99994   0.00009 
    3.86461   1.00008   0.00010 
    3.86469   1.00000   0.00009 
    3.86477   0.99997   0.00010 
    3.86485   0.99999   0.00010 
    3.86493   0.99996   0.00008 
    3.86501   1.00003   0.00009 
    3.86509   0.99998   0.00011 
    3.86517   0.99985   0.00010 
    3.86525   0.99986   0.00011 
    3.86533   0.99984   0.00012 
    3.86541   1.00000   0.00008 
    3.86549   1.00007   0.00008 
    3.86557   1.00000   0.00009 
    3.86565   0.99988   0.00011 
    3.86573   0.99991   0.00011 
    3.86581   0.99989   0.00011 
    3.86589   0.99999   0.00012 
    3.86597   1.00029   0.00009 
    3.86605   1.00009   0.00012 
    3.86613   0.99984   0.00009 
    3.86621   1.00026   0.00011 
    3.86629   1.00011   0.00008 
    3.86637   0.99998   0.00009 
    3.86645   1.00006   0.00009 
    3.86653   0.99998   0.00009 
    3.86661   1.00012   0.00010 
    3.86669   1.00016   0.00010 
    3.86677   1.00015   0.00012 
    3.86685   0.99997   0.00010 
    3.86693   0.99987   0.00012 
    3.86701   0.99999   0.00009 
    3.86709   1.00003   0.00011 
    3.86717   1.00008   0.00011 
    3.86725   1.00002   0.00008 
    3.86733   1.00012   0.00011 
    3.86741   0.99990   0.00008 
    3.86749   0.99990   0.00012 
    3.86758   1.00006   0.00010 
    3.86766   1.00003   0.00010 
    3.86774   0.99997   0.00011 
    3.86782   0.99996   0.00011 
    3.86790   0.99999   0.00012 
    3.86798   1.00002   0.00010 
    3.86806   0.99998   0.00012 
    3.86814   0.99995   0.00012 
    3.86822   1.00004   0.00008 
    3.86830   1.00002   0.00009 
    3.86838   1.00015   0.00012 
    3.86846   0.99998   0.00010 
    3.86854   1.00017   0.00012 
    3.86862   0.99998   0.00008 
    3.86870   0.99992   0.00009 
    3.86878   1.00003   0.00010 
    3.86886   1.00003   0.00011 
    3.86894   0.99992   0.00008 
    3.86902   1.00008   0.00010 
    3.86910   1.00013   0.00011 
    3.86918   1.00000   0.00011 
    3.86926   1.00000   0.00009 
    3.86934   0.99996   0.00011 
    3.86942   1.00012   0.00008 
    3.86950   0.99994   0.00012 
    3.86958   1.00009   0.00010 
    3.86966   1.00007   0.00008 
    3.86974   1.00001   0.00008 
    3.86982   1.00008   0.00012 
    3.86990   1.00017   0.00011 
    3.86998   1.00010   0.00011 
    3.87006   1.00000   0.00010 
    3.87014   1.00001   0.00012 
    3.87022   1.00004   0.00012 
    3.87030   1.00018   0.00009 
    3.87038   1.00008   0.00008 
    3.87046   0.99995   0.00011 
    3.87054   0.99999   0.00008 
    3.87062   0.99994   0.00011 
    3.87070   1.00002   0.00012 
    3.87078   1.00011   0.00009 
    3.87086   1.00000   0.00009 
    3.87094   1.00008   0.00009 
    3.87102   0.99986   0.00010 
    3.87110   1.00002   0.00011 
    3.87118   0.99994   0.00009 
    3.87126   0.99987   0.00010 
    3.87134   0.99993   0.00011 
    3.87142   1.00013   0.00008 
    3.87150   1.00000   0.00011 
    3.87158   1.00018   0.00012 
    3.87166   0.99987   0.00012 
    3.87174   0.99995   0.00011 
    3.87182   1.00007   0.00008 
    3.87190   1.00011   0.00008 
    3.87198   0.99987   0.00010 
    3.87206   1.00002   0.00010 
    3.87214   1.00011   0.00011 
    3.87222   1.00002   0.00008 
    3.87230   0.99998   0.00009 
    3.87238   0.99999   0.00011 
    3.87246   0.99994   0.00011 
    3.87255   1.00009   0.00009 
    3.87263   1.00014   0.00011 
    3.87271   0.99997   0.00010 
    3.87279   1.00003   0.00012 
    3.87287   1.00007   0.00009 
    3.87295   0.99992   0.00009 
    3.87303   1.00017   0.00012 
    3.87311   1.00016   0.00008 
    3.87319   1.00005   0.00012 
    3.87327   1.00016   0.00010 
    3.87335   0.99989   0.00010 
    3.87343   0.99996   0.00010 
    3.87351   1.00005   0.00008 
    3.87359   0.99998   0.00012 
    3.87367   0.99994   0.00010 
    3.87375   0.99987   0.00011 
    3.87383   1.00004   0.00008 
    3.87391   0.99998   0.00008 
    3.87399   0.99994   0.00012 
    3.87407   0.99993   0.00008 
    3.87415   0.99982   0.00011 
    3.87423   1.00006   0.00011 
    3.87431   0.99987   0.00011 
    3.87439   1.00012   0.00010 
    3.87447   0.99998   0.00008 
    3.87455   0.99988   0.00009 
    3.87463   0.99996   0.00010 
    3.87471   0.99997   0.00011 
    3.87479   0.99991   0.00008 
    3.87487   1.00013   0.00008 
    3.87495   0.99990   0.00012 
    3.87503   0.99994   0.00009 
    3.87511   1.00006   0.00011 
    3.87519   0.99987   0.00010 
    3.87527   1.00025   0.00012 
    3.87535   0.99989   0.00012 
    3.87543   0.99993   0.00011 
    3.87551   1.00008   0.00010 
    3.87559   1.00003   0.00012 
    3.87567   0.99990   0.00011 
    3.87575   0.99994   0.00012 
    3.87583   1.00010   0.00010 
    3.87591   1.00011   0.00010 
    3.87599   0.99988   0.00010 
    3.87607   0.99990   0.00009 
    3.87615   0.99999   0.00012 
    3.87623   0.99996   0.00012 
    3.87631   0.99997   0.00010 
    3.87639   0.99983   0.00008 
    3.87647   1.00015   0.00010 
    3.87655   1.00001   0.00010 
    3.87663   0.99981   0.00008 
    3.87671   1.00010   0.00011 
    3.87679   0.99988   0.00011 
    3.87687   0.99998   0.00012 
    3.87695   1.00001   0.00011 
    3.87703   1.00013   0.00008 
    3.87711   0.99999   0.00012 
    3.87719   1.00001   0.00012 
    3.87727   1.00017   0.00009 
    3.87735   1.00013   0.00010 
    3.87743   1.00006   0.00008 
    3.87752   0.99999   0.00010 
    3.87760   1.00001   0.00009 
    3.87768   0.99993   0.00012 
    3.87776   0.99995   0.00012 
    3.87784   1.00000   0.00008 
    3.87792   0.99992   0.00011 
    3.87800   1.00000   0.00010 
    3.87808   0.99994   0.00010 
    3.87816   1.00016   0.00012 
    3.87824   0.99993   0.00010 
    3.87832   1.00000   0.00008 
    3.87840   0.99989   0.00008 
    3.87848   1.00006   0.00012 
    3.87856   0.99999   0.00010 
    3.87864   1.00008   0.00010 
    3.87872   0.99994   0.00012 
    3.87880   1.00001   0.00008 
    3.87888   1.00000   0.00011 
    3.87896   0.99999   0.00008 
    3.87904   1.00000   0.00010 
    3.87912   0.99995   0.00012 
    3.87920   1.00003   0.00008 
    3.87928   0.99991   0.00011 
    3.87936   0.99987   0.00011 
    3.87944   0.99993   0.00008 
    3.87952   0.99998   0.00008 
    3.87960   0.99998   0.00009 
    3.87968   0.99987   0.00010 
    3.87976   1.00023   0.00008 
    3.87984   1.00006   0.00008 
    3.87992   0.99992   0.00009 
    3.88000   1.00010   0.00011 
